1	1	2
2	1	3
3	1	2
5	1	-2
6	1	-3
7	1	-2
10	1	3
11	1	3
12	1	1
13	1	1
14	1	-3
15	1	-1
16	1	3
17	1	-2
18	1	-2
19	1	-1
20	1	1
22	1	-1
23	1	-2
24	1	3
25	1	1
26	1	-3
27	1	-3
28	1	-3
29	1	3
30	1	-1
31	1	-1
32	1	1
33	1	-2
34	1	-3
35	1	1
37	1	-2
38	1	-2
39	1	1
40	1	2
43	1	-1
45	1	2
46	1	-1
47	1	2
48	1	-3
50	1	-1
51	1	3
52	1	-1
53	1	3
54	1	-1
55	1	-2
56	1	3
58	1	-1
60	1	-2
61	1	-2
62	1	-2
63	1	1
64	1	2
65	1	2
66	1	1
67	1	3
68	1	3
69	1	1
70	1	2
71	1	-1
72	1	2
73	1	-3
74	1	-1
75	1	-1
76	1	-3
77	1	3
78	1	-1
79	1	-1
80	1	2
82	1	1
83	1	1
84	1	-3
85	1	-1
86	1	3
87	1	1
88	1	3
89	1	3
90	1	2
92	1	2
93	1	-3
94	1	2
95	1	-3
96	1	-3
97	1	-2
99	1	-3
100	1	3
102	1	-2
103	1	-2
104	1	-3
105	1	-2
108	1	-1
110	1	-1
111	1	1
112	1	3
113	1	2
114	1	-1
115	1	1
116	1	-1
117	1	-1
118	1	-1
119	1	2
120	1	-1
121	1	1
122	1	2
123	1	-3
124	1	-2
125	1	3
126	1	3
127	1	-2
128	1	-2
129	1	2
130	1	2
131	1	-1
132	1	-1
133	1	-2
134	1	-2
135	1	3
136	1	-3
137	1	1
139	1	-3
141	1	2
142	1	3
144	1	3
145	1	3
147	1	-1
148	1	-3
149	1	2
150	1	-1
151	1	2
154	1	-2
155	1	-3
156	1	-3
157	1	2
158	1	-1
159	1	1
160	1	-3
161	1	1
162	1	-3
163	1	-2
164	1	-1
165	1	2
166	1	3
167	1	2
168	1	-2
169	1	-1
170	1	3
171	1	-1
172	1	-2
173	1	2
174	1	-2
175	1	-1
176	1	-3
179	1	-2
180	1	1
182	1	-2
183	1	-1
184	1	-2
185	1	1
186	1	-3
187	1	1
188	1	-3
189	1	3
190	1	-1
191	1	-3
192	1	1
193	1	1
194	1	2
195	1	2
196	1	2
197	1	1
198	1	3
199	1	1
200	1	2
201	1	1
202	1	1
203	1	3
204	1	3
205	1	-1
206	1	-3
207	1	2
208	1	1
209	1	-2
211	1	3
212	1	-3
213	1	1
214	1	-2
215	1	1
216	1	1
218	1	1
220	1	2
221	1	1
222	1	-1
223	1	1
224	1	1
225	1	3
226	1	3
227	1	2
229	1	-3
230	1	-3
231	1	3
232	1	3
233	1	1
235	1	3
236	1	-3
237	1	-1
238	1	-3
239	1	1
241	1	-3
242	1	1
243	1	-1
244	1	-3
245	1	3
246	1	-3
248	1	3
249	1	1
250	1	-3
253	1	2
254	1	3
255	1	-2
256	1	3
257	1	-3
258	1	-1
259	1	2
262	1	-2
263	1	-3
265	1	3
266	1	1
268	1	-3
269	1	-3
270	1	3
271	1	3
273	1	2
275	1	2
276	1	3
277	1	-3
278	1	-1
280	1	-2
281	1	-1
282	1	3
283	1	-3
284	1	-3
285	1	-2
286	1	1
287	1	-2
288	1	2
289	1	-1
290	1	2
291	1	-2
292	1	1
293	1	-3
294	1	3
296	1	-1
297	1	-2
300	1	-3
301	1	3
302	1	3
303	1	2
305	1	2
306	1	3
307	1	1
308	1	-3
309	1	-3
310	1	-1
311	1	2
312	1	1
314	1	-3
315	1	-2
316	1	3
317	1	1
319	1	-2
320	1	3
321	1	-1
323	1	2
324	1	2
326	1	1
327	1	3
328	1	1
329	1	-2
330	1	2
332	1	3
333	1	-1
335	1	-2
336	1	-3
337	1	-3
338	1	-3
339	1	3
340	1	1
341	1	2
342	1	3
343	1	2
344	1	3
345	1	-3
346	1	-3
347	1	2
348	1	3
349	1	-1
350	1	-2
351	1	1
352	1	-3
353	1	-3
354	1	3
355	1	-1
356	1	2
357	1	-2
358	1	1
359	1	3
360	1	1
361	1	3
362	1	3
363	1	-2
364	1	-3
365	1	3
366	1	-2
367	1	-3
368	1	2
369	1	-2
370	1	-2
372	1	3
373	1	2
374	1	1
375	1	-3
376	1	-1
377	1	3
378	1	2
379	1	3
380	1	1
381	1	-2
382	1	-2
383	1	2
384	1	3
385	1	1
387	1	1
388	1	-2
389	1	2
390	1	2
391	1	1
394	1	-1
395	1	3
396	1	-1
397	1	3
398	1	-3
399	1	2
401	1	1
402	1	-1
403	1	3
404	1	-2
405	1	-1
406	1	-1
407	1	-3
408	1	1
409	1	2
410	1	1
411	1	-1
412	1	-3
413	1	-3
414	1	3
416	1	-3
417	1	-2
418	1	-2
419	1	-1
420	1	3
422	1	-2
423	1	-2
424	1	-3
425	1	2
426	1	3
427	1	3
428	1	-1
429	1	3
432	1	-2
433	1	-3
434	1	1
435	1	-1
437	1	-2
438	1	-3
439	1	2
440	1	-1
441	1	-3
442	1	2
443	1	-2
444	1	1
445	1	-2
446	1	-2
447	1	-3
448	1	-1
449	1	2
450	1	3
451	1	1
452	1	-2
454	1	3
455	1	1
456	1	-2
457	1	1
458	1	1
459	1	-1
460	1	-2
461	1	-1
462	1	1
463	1	1
464	1	-2
465	1	-3
467	1	-2
469	1	3
470	1	1
471	1	-2
472	1	2
473	1	-2
474	1	-2
475	1	1
476	1	-2
477	1	2
478	1	-1
480	1	2
481	1	2
482	1	1
483	1	-2
484	1	2
485	1	-1
486	1	-1
487	1	-3
488	1	-3
489	1	3
490	1	3
491	1	-1
492	1	1
493	1	1
494	1	-3
495	1	-2
496	1	3
497	1	3
498	1	-1
499	1	-2
500	1	1
501	1	1
502	1	-3
503	1	2
505	1	3
506	1	-3
507	1	3
508	1	3
509	1	-3
510	1	-1
511	1	-1
512	1	2
513	1	3
514	1	2
515	1	1
516	1	1
517	1	-1
518	1	2
519	1	-2
520	1	2
521	1	-3
522	1	3
523	1	1
524	1	3
525	1	-2
526	1	3
527	1	-2
528	1	-2
529	1	-1
530	1	2
531	1	2
532	1	-1
533	1	-1
534	1	2
535	1	-2
536	1	3
537	1	1
538	1	3
539	1	-2
540	1	-2
541	1	-1
542	1	2
543	1	-1
544	1	1
545	1	-1
547	1	-1
548	1	1
549	1	-3
550	1	2
551	1	-1
552	1	2
553	1	3
555	1	1
557	1	2
558	1	1
560	1	-1
561	1	1
562	1	-3
563	1	-3
564	1	3
565	1	1
566	1	1
567	1	-1
569	1	-2
570	1	-3
571	1	1
572	1	-3
574	1	-3
575	1	-1
576	1	-2
577	1	1
579	1	1
580	1	-2
581	1	-3
582	1	-3
583	1	3
584	1	1
586	1	-1
587	1	-3
588	1	2
589	1	1
590	1	-3
591	1	3
592	1	-3
593	1	1
594	1	2
596	1	-1
597	1	1
598	1	-1
600	1	-2
601	1	2
602	1	-2
603	1	-3
604	1	3
605	1	2
606	1	3
607	1	-3
608	1	1
609	1	-2
610	1	2
611	1	2
612	1	2
613	1	2
614	1	-3
615	1	1
616	1	3
619	1	-2
620	1	3
621	1	1
622	1	3
623	1	-3
624	1	-2
626	1	1
627	1	-1
628	1	1
629	1	-1
630	1	2
632	1	1
633	1	-2
634	1	-3
635	1	-3
636	1	3
637	1	2
638	1	2
640	1	-3
641	1	-2
642	1	-2
643	1	-3
644	1	2
645	1	-2
646	1	1
648	1	-2
649	1	2
650	1	1
651	1	-2
653	1	1
654	1	-2
655	1	1
656	1	3
658	1	1
659	1	3
660	1	3
661	1	1
662	1	3
663	1	-2
665	1	1
666	1	2
667	1	-1
668	1	-3
670	1	-3
671	1	-1
672	1	1
673	1	-3
674	1	2
675	1	-3
676	1	2
677	1	3
678	1	-2
679	1	1
680	1	3
681	1	-3
682	1	-3
683	1	-2
684	1	1
685	1	1
686	1	2
688	1	1
689	1	-3
690	1	-2
691	1	2
692	1	-1
693	1	2
694	1	2
695	1	-3
696	1	1
697	1	2
699	1	-2
700	1	3
701	1	3
703	1	0.99985
704	1	1.9996
705	1	-2.0004
706	1	-3.0004
707	1	0.9999
708	1	-3
709	1	-3
710	1	-3
711	1	2
712	1	-1
713	1	-2
714	1	-1
715	1	-2
716	1	2
717	1	-1
718	1	-1
719	1	2
720	1	1
721	1	2
722	1	-1
723	1	-2
724	1	1
726	1	-1
727	1	-1
728	1	3
729	1	-2
731	1	-1
732	1	-1
733	1	-3
734	1	1
735	1	3
736	1	-1
737	1	3
738	1	3
739	1	-1
740	1	-2
741	1	-2
742	1	-1
743	1	2
745	1	2
746	1	-3
747	1	1
749	1	-2
750	1	-3
751	1	-1
752	1	2
753	1	3
754	1	3
755	1	-3
756	1	2
757	1	-3
758	1	1
759	1	2
760	1	2
762	1	-2.0001
763	1	1.9982
764	1	-2.0105
765	1	-2.033
766	1	-3.0444
767	1	-1.0407
768	1	-3.0405
769	1	1.9725
770	1	-2.0284
771	1	2.981
772	1	-3.0052
773	1	-2.0002
774	1	-3
775	1	2
776	1	1
777	1	3
778	1	3
779	1	2
780	1	3
781	1	2
782	1	-1
783	1	-3
784	1	2
786	1	-1
787	1	3
788	1	-3
789	1	-1
790	1	-3
791	1	-3
792	1	1
793	1	3
794	1	-1
795	1	-2
796	1	3
797	1	1
798	1	3
799	1	3
800	1	3
801	1	3
802	1	-1
803	1	1
804	1	2
805	1	1
806	1	1
809	1	2
810	1	-3
811	1	3
812	1	2
813	1	1
814	1	2
815	1	-2
816	1	-2
817	1	1
818	1	3
819	1	2
820	1	-1
821	1	-2
822	1	2
823	1	1.9988
824	1	1.9779
825	1	2.9289
826	1	-2.0838
827	1	0.90873
828	1	0.92049
829	1	-3.0766
830	1	-2.0669
831	1	-1.0777
832	1	-1.0782
833	1	-1.0746
834	1	-3.0629
835	1	-0.035006
836	1	0.98714
837	1	-3.0004
838	1	-1
839	1	3
840	1	3
841	1	-3
842	1	3
843	1	-2
845	1	-3
846	1	-2
847	1	2
848	1	-3
849	1	-1
850	1	1
851	1	-2
852	1	1
853	1	1
855	1	-2
856	1	-1
857	1	2
858	1	-3
859	1	1
860	1	-3
861	1	-1
862	1	3
863	1	2
864	1	-3
865	1	2
866	1	-3
868	1	3
869	1	-3
870	1	2
871	1	2
872	1	-2
873	1	3
874	1	1
875	1	3
876	1	1
878	1	2
879	1	-3
880	1	-3
881	1	-1
883	1	-2.0003
884	1	-0.011662
885	1	0.94418
886	1	1.9149
887	1	2.9162
888	1	-0.083312
889	1	-1.0894
890	1	-0.099928
891	1	-1.0781
892	1	-0.079322
893	1	2.8907
894	1	-0.10698
895	1	-0.10679
896	1	-3.09
897	1	-2.0851
898	1	2.9201
899	1	-1.0367
900	1	-3.0112
901	1	-1
902	1	-2
903	1	-2
904	1	1
905	1	3
906	1	3
907	1	-3
908	1	3
909	1	-2
910	1	3
911	1	-1
912	1	-2
913	1	3
914	1	2
915	1	3
916	1	2
917	1	3
918	1	3
919	1	-1
920	1	-3
921	1	2
922	1	1
924	1	3
925	1	3
926	1	-3
927	1	-2
928	1	-3
929	1	2
930	1	-1
931	1	1
932	1	-1
933	1	3
934	1	1
935	1	1
936	1	3
937	1	-1
938	1	-3
939	1	3
940	1	1
941	1	2
942	1	1
943	1	1
944	1	2.999
945	1	0.96526
946	1	-1.0847
947	1	2.9151
948	1	-2.0976
949	1	-1.0983
950	1	1.9237
951	1	1.9179
952	1	-2.0797
953	1	1.8189
954	1	0.78143
955	1	2.8612
956	1	-0.10731
957	1	-0.10209
958	1	0.91135
959	1	2.9061
960	1	-1.0973
961	1	-2.0914
962	1	0.93914
963	1	1.9832
964	1	-3.0003
965	1	-1
966	1	-3
967	1	-1
969	1	-2
970	1	-3
972	1	-2
973	1	-2
975	1	-3
976	1	2
977	1	-2
978	1	-1
979	1	2
981	1	-2
982	1	2
983	1	3
984	1	-3
985	1	-3
986	1	-1
987	1	-3
988	1	-3
989	1	-3
990	1	-2
991	1	-2
992	1	1
993	1	-1
994	1	2
995	1	3
996	1	2
997	1	-3
998	1	3
999	1	-1
1000	1	2
1001	1	2
1002	1	-1
1003	1	3
1004	1	2
1005	1	0.99907
1006	1	-1.0413
1007	1	0.91962
1008	1	2.9188
1009	1	-1.0798
1010	1	-2.0747
1011	1	-3.0728
1012	1	2.928
1013	1	0.9205
1014	1	1.8794
1015	1	1.7506
1016	1	0.75089
1017	1	-2.1913
1018	1	1.8772
1019	1	1.8992
1020	1	0.9088
1021	1	0.89155
1022	1	2.9018
1023	1	1.8899
1024	1	1.8905
1025	1	-1.0579
1026	1	2.9913
1027	1	1
1028	1	-1
1029	1	-2
1030	1	-1
1031	1	-2
1032	1	3
1033	1	3
1034	1	3
1035	1	3
1036	1	3
1037	1	-2
1038	1	-2
1039	1	1
1040	1	2
1041	1	-3
1042	1	-2
1043	1	-3
1044	1	-2
1045	1	-2
1046	1	3
1047	1	-1
1048	1	-3
1049	1	1
1050	1	2
1051	1	-3
1052	1	-3
1053	1	-1
1054	1	-1
1055	1	-1
1061	1	2
1062	1	-1
1064	1	1
1065	1	-2
1066	1	-0.00030842
1067	1	-2.035
1068	1	-0.072845
1069	1	-3.071
1070	1	2.9013
1071	1	-2.1084
1072	1	-2.0741
1073	1	-1.0764
1074	1	-1.0843
1075	1	1.8647
1076	1	-1.1196
1077	1	-3.1543
1078	1	1.797
1079	1	-2.1972
1080	1	-0.20228
1081	1	-3.2006
1082	1	0.88529
1083	1	-1.1089
1084	1	-1.1036
1085	1	-1.1134
1086	1	2.9085
1087	1	-0.090733
1088	1	-3.04
1089	1	1.996
1090	1	-1
1091	1	-3
1092	1	1
1094	1	1
1095	1	1
1097	1	-3
1098	1	2
1099	1	2
1100	1	-1
1101	1	-3
1102	1	3
1103	1	3
1104	1	2
1106	1	3
1107	1	2
1108	1	1
1110	1	-3
1111	1	-1
1112	1	-2
1113	1	3
1114	1	1
1115	1	2
1116	1	-2
1117	1	3
1118	1	-1
1119	1	1
1120	1	2
1121	1	1
1122	1	-3
1124	1	3
1125	1	-3
1126	1	-3
1127	1	-3
1128	1	0.97619
1129	1	-3.0721
1130	1	-1.0731
1131	1	-1.0751
1132	1	0.89329
1133	1	-1.0889
1134	1	-1.0867
1135	1	0.9195
1136	1	0.92297
1137	1	-2.1329
1138	1	-1.0986
1139	1	-2.124
1140	1	-2.1106
1141	1	1.9067
1142	1	-1.1611
1143	1	0.84762
1144	1	-0.10741
1145	1	2.9089
1146	1	-1.0892
1147	1	-1.0851
1148	1	1.9099
1149	1	2.904
1150	1	-3.0732
1151	1	1.9813
1152	1	2
1155	1	1
1156	1	-1
1157	1	2
1158	1	-3
1160	1	2
1161	1	1
1162	1	-3
1163	1	-3
1165	1	-2
1166	1	-1
1168	1	-3
1169	1	-1
1170	1	-1
1171	1	-1
1172	1	3
1174	1	-2
1175	1	-1
1176	1	2
1177	1	1
1178	1	1
1179	1	1
1180	1	-2
1181	1	3
1182	1	-3
1183	1	-1
1184	1	1
1185	1	3
1187	1	-1
1188	1	1
1189	1	1.9964
1190	1	-1.0653
1191	1	-0.074734
1192	1	0.912
1193	1	1.92
1194	1	0.90489
1195	1	1.8889
1196	1	-3.0922
1197	1	-3.079
1198	1	-3.1004
1199	1	-2.0862
1200	1	1.9157
1201	1	-0.097422
1202	1	-2.1006
1203	1	2.9151
1204	1	-0.094704
1205	1	1.8765
1206	1	-1.1218
1207	1	-2.1015
1208	1	0.89963
1209	1	-0.086627
1210	1	-1.0972
1211	1	-3.092
1212	1	-2.0901
1213	1	1.9635
1214	1	-0.0014843
1215	1	-1
1216	1	-3
1217	1	1
1218	1	-3
1219	1	1
1220	1	-2
1222	1	-1
1223	1	-2
1224	1	-3
1225	1	-2
1226	1	3
1227	1	2
1228	1	-3
1229	1	2
1230	1	-2
1231	1	3
1232	1	2
1233	1	-1
1234	1	-1
1235	1	-2
1236	1	-1
1237	1	-1
1238	1	2
1239	1	-2
1240	1	2
1241	1	-2
1242	1	-1
1243	1	-1
1244	1	1
1246	1	-3
1247	1	-1
1249	1	-3
1250	1	-2
1251	1	1.9631
1252	1	0.92947
1253	1	1.9188
1254	1	-3.0909
1255	1	-3.1207
1256	1	-1.115
1257	1	-2.09
1258	1	0.90316
1259	1	1.9144
1260	1	1.901
1261	1	2.9211
1262	1	-0.080054
1263	1	-0.10409
1264	1	0.8854
1265	1	2.9151
1266	1	-2.0965
1267	1	0.85445
1268	1	-2.1487
1269	1	-2.1322
1270	1	1.8932
1271	1	-0.1086
1272	1	-3.1171
1273	1	2.9031
1274	1	2.8845
1275	1	2.933
1276	1	-0.0050311
1278	1	-3
1279	1	2
1280	1	2
1281	1	1
1282	1	-1
1286	1	-3
1287	1	1
1288	1	1
1289	1	2
1290	1	-1
1291	1	2
1292	1	-1
1293	1	-2
1294	1	-2
1295	1	2
1296	1	-1
1297	1	-1
1298	1	1
1299	1	-3
1300	1	-2
1301	1	-1
1302	1	-2
1303	1	2
1304	1	1
1305	1	2
1306	1	-2
1308	1	2
1309	1	-3
1312	1	0.9983
1313	1	2.9455
1314	1	-2.0653
1315	1	-3.0731
1316	1	0.87912
1317	1	-2.1304
1318	1	-0.1028
1319	1	0.85664
1320	1	-0.10494
1321	1	0.9132
1322	1	1.9172
1323	1	1.9172
1324	1	0.90318
1325	1	-2.164
1326	1	-1.176
1327	1	-2.0947
1328	1	0.90786
1329	1	1.8688
1330	1	-3.1918
1331	1	-1.1573
1332	1	0.87885
1333	1	1.8821
1334	1	-0.11699
1335	1	-3.1163
1336	1	-0.12508
1337	1	1.9261
1338	1	2.9947
1339	1	2
1340	1	-3
1341	1	2
1342	1	2
1343	1	2
1344	1	-2
1345	1	-1
1346	1	1
1347	1	3
1350	1	3
1351	1	2
1352	1	3
1353	1	-2
1354	1	-3
1355	1	-2
1356	1	2
1357	1	2
1358	1	1
1359	1	-1
1360	1	1
1361	1	-3
1362	1	3
1363	1	-3
1364	1	3
1365	1	-1
1366	1	-3
1367	1	-1
1368	1	3
1369	1	2
1370	1	-2
1371	1	-2
1372	1	3
1373	1	2
1374	1	1.9913
1375	1	-2.0546
1376	1	-2.0823
1377	1	0.89315
1378	1	-3.1145
1379	1	-0.12223
1380	1	0.80165
1381	1	-2.2085
1382	1	-1.1449
1383	1	1.9052
1384	1	2.9479
1385	1	-2.0729
1386	1	1.8895
1387	1	-0.16533
1388	1	-2.1805
1389	1	0.68454
1390	1	-1.2405
1391	1	0.81913
1392	1	-2.1885
1393	1	-0.14679
1394	1	1.8734
1395	1	0.90082
1396	1	-2.0965
1397	1	0.89221
1398	1	-1.1174
1399	1	-3.0625
1400	1	0.99649
1401	1	3
1402	1	2
1403	1	-2
1404	1	1
1405	1	1
1408	1	-1
1409	1	2
1410	1	-2
1411	1	-1
1413	1	1
1415	1	3
1416	1	3
1417	1	2
1418	1	2
1419	1	-3
1420	1	-3
1421	1	2
1422	1	-1
1423	1	3
1424	1	1
1425	1	-3
1426	1	-2
1427	1	-2
1428	1	-1
1429	1	3
1430	1	-3
1431	1	3
1432	1	3
1433	1	-2
1434	1	-3
1436	1	0.99113
1437	1	1.9303
1438	1	-1.0981
1439	1	-3.1055
1440	1	2.8953
1441	1	1.8263
1442	1	-1.166
1443	1	1.8505
1444	1	-0.10378
1445	1	-0.105
1446	1	-0.091061
1447	1	-2.0799
1448	1	-3.0393
1449	1	0.9094
1450	1	0.78654
1451	1	-2.3563
1452	1	2.7243
1453	1	-3.2028
1454	1	2.8869
1455	1	-1.1147
1456	1	-1.0999
1457	1	1.9014
1458	1	-2.1024
1459	1	-0.10721
1460	1	-2.1032
1461	1	-3.0358
1462	1	1.9988
1463	1	-3
1465	1	1
1466	1	-3
1467	1	-2
1468	1	-3
1469	1	2
1470	1	1
1471	1	-1
1472	1	1
1473	1	-3
1474	1	2
1475	1	-1
1476	1	-3
1477	1	-3
1478	1	-3
1479	1	1
1480	1	-2
1481	1	-1
1482	1	2
1483	1	-1
1484	1	-2
1485	1	2
1486	1	-2
1487	1	1
1488	1	1
1490	1	-1
1491	1	-2
1492	1	-3
1493	1	2
1495	1	-2
1496	1	2
1497	1	1
1498	1	-2.0112
1499	1	-3.0651
1500	1	0.92076
1501	1	0.92004
1502	1	0.88995
1503	1	-2.1345
1504	1	1.8539
1505	1	0.93051
1506	1	2.9477
1507	1	0.94913
1508	1	-2.0586
1509	1	-3.064
1510	1	-3.0827
1511	1	1.9209
1512	1	-2.0664
1513	1	-2.1532
1514	1	-3.243
1515	1	1.8761
1516	1	1.8829
1517	1	-2.093
1518	1	1.9118
1519	1	-2.0849
1520	1	-1.0948
1521	1	-1.1062
1522	1	-3.0741
1523	1	-3.0092
1524	1	-0.00026987
1525	1	-1
1526	1	-1
1527	1	1
1528	1	1
1529	1	1
1530	1	-1
1531	1	2
1532	1	1
1533	1	1
1534	1	3
1535	1	3
1536	1	3
1537	1	-1
1538	1	1
1539	1	3
1540	1	1
1541	1	3
1543	1	-2
1544	1	1
1545	1	3
1546	1	-2
1547	1	-1
1548	1	-2
1549	1	-2
1550	1	-1
1551	1	-1
1552	1	3
1556	1	2
1557	1	2
1558	1	-3
1559	1	1
1560	1	1.9989
1561	1	-2.0509
1562	1	-2.0685
1563	1	-0.086647
1564	1	-1.0859
1565	1	-0.080016
1566	1	-0.005513
1567	1	-2.0019
1568	1	-3.0003
1569	1	-2
1570	1	-1
1571	1	-2.0076
1572	1	-3.0292
1573	1	-0.019797
1574	1	2.9806
1575	1	0.95393
1576	1	-2.0877
1577	1	-2.1077
1578	1	1.9078
1579	1	1.9009
1580	1	1.9033
1581	1	2.907
1582	1	-2.0909
1583	1	-0.092526
1584	1	-2.0326
1585	1	-1.0028
1586	1	-2
1587	1	-1
1588	1	-2
1589	1	-3
1590	1	-1
1591	1	-2
1592	1	-2
1593	1	1
1594	1	2
1595	1	2
1597	1	-1
1599	1	-1
1600	1	1
1601	1	3
1602	1	-1
1604	1	-1
1605	1	-1
1606	1	-1
1607	1	3
1608	1	3
1609	1	-3
1610	1	1
1611	1	2
1612	1	1
1613	1	-3
1614	1	1
1615	1	-3
1616	1	1
1617	1	2
1618	1	-2
1619	1	-2
1620	1	-3
1621	1	2
1622	1	-3.0011
1623	1	-1.0462
1624	1	-2.0702
1625	1	-0.072421
1626	1	-0.06284
1627	1	2.9602
1628	1	-0.0046263
1629	1	-2
1630	1	3
1631	1	1
1633	1	2
1634	1	-1
1635	1	2.9977
1636	1	-0.028548
1637	1	-3.034
1638	1	-0.10371
1639	1	-1.1018
1640	1	-0.092989
1641	1	2.8999
1642	1	-1.0848
1643	1	-3.087
1644	1	1.9127
1645	1	-1.0577
1646	1	0.9953
1648	1	3
1649	1	2
1650	1	-1
1652	1	1
1654	1	2
1655	1	2
1656	1	-2
1659	1	-2
1660	1	2
1661	1	-2
1663	1	-2
1664	1	1
1666	1	-2
1668	1	-3
1670	1	2
1671	1	2
1673	1	1
1674	1	3
1676	1	3
1678	1	3
1680	1	-2
1681	1	-2
1682	1	1
1684	1	0.99892
1685	1	-2.0347
1686	1	2.9379
1687	1	0.92316
1688	1	0.92201
1689	1	-1.0148
1690	1	0.99892
1692	1	3
1693	1	-3
1695	1	1
1696	1	3
1697	1	0.99832
1698	1	0.97251
1699	1	0.96064
1700	1	-2.1001
1701	1	-2.1327
1702	1	-0.13499
1703	1	-2.1093
1704	1	-0.091986
1705	1	1.9188
1706	1	0.95802
1707	1	-3.0047
1708	1	-2.0012
1709	1	-1
1710	1	3
1711	1	1
1712	1	-2
1713	1	-1
1714	1	-2
1715	1	-1
1716	1	3
1718	1	-1
1719	1	1
1720	1	1
1721	1	-3
1722	1	-1.0019
1723	1	2.9867
1724	1	2.9898
1725	1	-2
1726	1	-2
1727	1	2
1728	1	-1
1729	1	3
1732	1	-1
1733	1	-1
1735	1	2
1736	1	2
1737	1	-1
1739	1	-1
1740	1	-3
1741	1	3
1742	1	1
1744	1	3
1745	1	1
1746	1	-0.00044335
1747	1	-1.0281
1748	1	-0.058677
1749	1	-2.0869
1750	1	-0.059698
1751	1	2.9962
1752	1	-2
1753	1	2
1754	1	2
1755	1	3
1756	1	1
1757	1	1
1758	1	2
1759	1	-2.0007
1760	1	-3.0228
1761	1	-2.0442
1762	1	-0.10569
1763	1	-2.1436
1764	1	2.8465
1765	1	-3.1234
1766	1	-2.0436
1767	1	-0.0027951
1768	1	0.99686
1769	1	1.9993
1770	1	1
1771	1	2
1772	1	1
1774	1	2
1776	1	-3
1777	1	3
1778	1	2
1779	1	1
1780	1	-1
1781	1	1
1782	1	3
1783	1	1.9987
1784	1	2.9774
1785	1	-3.0351
1786	1	1.9897
1787	1	-1
1788	1	-1
1789	1	-3
1790	1	1
1791	1	2
1792	1	-3
1793	1	-2
1794	1	3
1795	1	-3
1796	1	3
1797	1	-1
1798	1	3
1799	1	-2
1800	1	2
1801	1	-3
1802	1	-3
1803	1	3
1804	1	-1
1806	1	2
1807	1	3
1808	1	-3.0003
1809	1	-3.0271
1810	1	-3.0644
1811	1	1.9363
1812	1	-2.0062
1813	1	-0.0015614
1814	1	1
1815	1	3
1816	1	1
1817	1	-1
1820	1	3
1821	1	-3
1822	1	2.9911
1823	1	2.9706
1824	1	2.9179
1825	1	0.89654
1826	1	1.9293
1827	1	-3.0042
1828	1	-3.0024
1829	1	1.9988
1830	1	2
1831	1	-3
1832	1	2
1833	1	-1
1834	1	-2
1835	1	2
1836	1	-1
1837	1	1
1838	1	-3
1839	1	2
1840	1	3
1841	1	-1
1843	1	2
1844	1	-2.0005
1845	1	2.9738
1846	1	-1.0329
1847	1	0.97905
1848	1	-0.0047034
1849	1	1
1850	1	1
1851	1	-2
1853	1	-2
1854	1	3
1855	1	1
1856	1	2
1857	1	3
1858	1	2
1860	1	3
1861	1	-2
1862	1	3
1863	1	3
1864	1	3
1865	1	-3
1866	1	1
1867	1	-1
1868	1	-3
1869	1	3
1870	1	1.9997
1871	1	-3.0218
1872	1	1.9633
1873	1	-1.021
1874	1	2.9955
1875	1	-2
1876	1	1
1878	1	-1
1879	1	3
1880	1	-2
1882	1	3
1883	1	1
1884	1	-3.0007
1885	1	-1.0333
1886	1	2.9633
1887	1	-1.0071
1888	1	1.996
1889	1	1.9975
1890	1	-2
1891	1	3
1892	1	-2
1893	1	2
1894	1	-1
1895	1	2
1896	1	-1
1897	1	3
1898	1	2
1899	1	-3
1900	1	1
1901	1	-2
1902	1	-1
1905	1	2
1906	1	1.9943
1907	1	2.9744
1908	1	-0.017098
1909	1	-1.0152
1910	1	2.9964
1911	1	-3
1913	1	-1
1914	1	3
1915	1	1
1917	1	3
1918	1	2
1919	1	1
1920	1	-3
1921	1	-3
1922	1	-3
1924	1	-2
1925	1	-3
1926	1	-1
1927	1	-2
1928	1	-1
1930	1	3
1931	1	-2
1932	1	-1.0015
1933	1	2.9281
1934	1	-0.091678
1935	1	2.9486
1936	1	-0.0062262
1937	1	3
1939	1	-3
1940	1	-1
1941	1	2
1942	1	-1
1943	1	3
1944	1	-3
1945	1	-1
1946	1	-0.0053202
1947	1	1.96
1948	1	1.9655
1949	1	-1.0173
1950	1	2.9985
1951	1	-2
1952	1	3
1953	1	-2
1954	1	-1
1955	1	-3
1957	1	-1
1958	1	1
1959	1	3
1960	1	1
1961	1	-2
1962	1	3
1963	1	-3
1964	1	-2
1965	1	2
1966	1	-3
1967	1	2
1968	1	-2.0063
1969	1	-1.0199
1970	1	-1.0173
1971	1	-2.0165
1972	1	-1.0039
1973	1	1
1974	1	-3
1975	1	1
1976	1	-2
1977	1	-1
1979	1	2
1980	1	-2
1981	1	-1
1982	1	3
1983	1	-3
1984	1	-3
1985	1	1
1986	1	-1
1987	1	3
1988	1	-2
1990	1	1
1993	1	-2
1994	1	-2.019
1995	1	1.9226
1996	1	2.9179
1997	1	-0.083428
1998	1	0.95904
1999	1	0.99215
2000	1	3
2001	1	-1
2003	1	-3
2004	1	-3
2006	1	1
2007	1	2
2008	1	0.99643
2009	1	-3.0208
2010	1	1.9596
2011	1	-2.0432
2012	1	-3.0081
2013	1	-3
2014	1	-3
2015	1	-2.0001
2016	1	-1.0012
2017	1	-1.0009
2018	1	-2
2019	1	1
2020	1	-3
2021	1	2
2022	1	3
2024	1	-1
2025	1	-1
2026	1	3
2028	1	-3
2029	1	-2
2030	1	-2.0057
2031	1	-1.0193
2032	1	-1.0193
2033	1	-0.019546
2034	1	-3.0058
2035	1	1
2036	1	-1
2037	1	1
2038	1	-1
2039	1	2
2040	1	-2
2041	1	-2
2042	1	-2
2043	1	3
2044	1	3
2045	1	3
2047	1	-2
2048	1	-1
2049	1	2
2050	1	3
2051	1	3
2052	1	3
2053	1	-2
2054	1	-3
2055	1	-2
2056	1	-2.0282
2057	1	1.9327
2058	1	-2.085
2059	1	0.91164
2060	1	-2.0802
2061	1	0.9607
2062	1	-0.010101
2063	1	2.9994
2064	1	-3
2065	1	-1
2066	1	-2
2067	1	-3
2068	1	3
2069	1	-1
2070	1	-0.00013493
2071	1	-3.0144
2072	1	0.94637
2073	1	-1.0437
2074	1	0.99755
2075	1	-3
2076	1	-3
2077	1	-0.0035661
2078	1	1.9497
2079	1	0.95486
2080	1	-0.010853
2081	1	-2
2082	1	1
2083	1	-3
2084	1	2
2085	1	-1
2087	1	3
2088	1	2
2089	1	3
2090	1	2
2092	1	-0.0048191
2093	1	-0.020182
2094	1	-2.0256
2095	1	-0.028799
2096	1	-2.0078
2098	1	-1
2099	1	-3
2100	1	-1
2101	1	-3
2102	1	1
2103	1	-2
2104	1	1
2105	1	-1
2106	1	2
2107	1	2
2108	1	-3
2110	1	-2
2111	1	-3
2113	1	-2
2114	1	2
2115	1	-3
2116	1	-2
2117	1	2
2118	1	1.982
2119	1	-2.0672
2120	1	-0.073654
2121	1	-0.079649
2122	1	-2.0854
2123	1	2.9362
2124	1	-2.0557
2125	1	2.962
2126	1	0.96804
2127	1	0.9862
2128	1	-0.0035083
2129	1	1.9909
2130	1	-2.0197
2131	1	-3.0162
2132	1	-1.0013
2133	1	-3.0007
2134	1	-1.004
2135	1	2.9955
2136	1	0.99907
2137	1	1
2139	1	-0.0054552
2140	1	-1.0887
2141	1	2.9004
2142	1	-1.0473
2143	1	0.99306
2144	1	-3
2145	1	-2
2146	1	-3
2147	1	-3
2148	1	-2
2150	1	-2
2152	1	1
2153	1	3
2154	1	1.999
2155	1	2.991
2156	1	-2.0364
2157	1	-2.0401
2158	1	2.9897
2159	1	3
2160	1	-1
2161	1	-3
2162	1	-3
2163	1	-3
2164	1	2
2165	1	2
2166	1	3
2167	1	-1
2169	1	1
2170	1	1
2171	1	3
2172	1	1
2173	1	3
2174	1	3
2175	1	3
2176	1	-2
2177	1	3
2178	1	-3
2179	1	3
2180	1	-3.0083
2181	1	2.9418
2182	1	0.92823
2183	1	0.93097
2184	1	-0.085143
2185	1	-0.082946
2186	1	-0.069838
2187	1	0.92708
2188	1	-0.073654
2189	1	-2.0799
2190	1	-1.1059
2191	1	0.86753
2192	1	-0.12385
2193	1	-3.0601
2194	1	1.9957
2195	1	2
2196	1	-1
2197	1	-2
2198	1	2.9976
2199	1	-1.0043
2200	1	-2.0011
2201	1	2.9656
2202	1	1.8933
2203	1	-2.1033
2204	1	2.9246
2205	1	-3.0254
2206	1	1.9989
2207	1	2
2209	1	-3
2210	1	-3
2211	1	-2
2212	1	2
2215	1	3
2216	1	-2
2217	1	-3.0017
2218	1	-0.020491
2219	1	-2.0261
2220	1	-2.0102
2221	1	-2
2222	1	-3
2223	1	-2
2224	1	-1
2225	1	3
2226	1	3
2227	1	2
2228	1	1
2229	1	-2
2230	1	-2
2231	1	-3
2232	1	2
2233	1	1
2234	1	2
2235	1	-1
2236	1	2
2238	1	-3
2239	1	3
2240	1	-2
2241	1	-1
2242	1	-1.0044
2243	1	2.9407
2244	1	-2.0693
2245	1	1.9216
2246	1	1.8848
2247	1	1.9036
2248	1	1.9266
2249	1	0.91628
2250	1	1.9055
2251	1	-1.0896
2252	1	2.8884
2253	1	-0.11263
2254	1	1.8931
2255	1	2.9261
2256	1	1.9789
2257	1	-1.0007
2258	1	0.99973
2259	1	-0.0051853
2260	1	0.88376
2261	1	-2.1355
2262	1	-0.06018
2263	1	-0.12834
2264	1	1.8732
2265	1	0.89872
2266	1	-2.0925
2267	1	-3.0551
2268	1	0.99335
2269	1	-2
2271	1	2
2272	1	1
2273	1	-1
2274	1	2
2275	1	-1
2276	1	-3
2277	1	2
2278	1	2
2279	1	-3
2280	1	1.9959
2281	1	-3.0037
2282	1	2.9984
2283	1	3
2285	1	2
2286	1	-3
2287	1	-2
2288	1	-3
2289	1	1
2290	1	-1
2291	1	2
2293	1	-1
2294	1	3
2295	1	2
2297	1	-3
2298	1	-3
2299	1	1
2300	1	1
2301	1	3
2302	1	3
2303	1	-1
2304	1	-2.0108
2305	1	-1.0703
2306	1	2.9201
2307	1	0.93338
2308	1	0.92087
2309	1	2.8315
2310	1	-2.1729
2311	1	-1.1789
2312	1	-1.2133
2313	1	2.815
2314	1	1.8373
2315	1	2.8213
2316	1	-2.1421
2317	1	1.8727
2318	1	-1.0344
2319	1	-0.033753
2320	1	-1.0273
2321	1	1.91
2322	1	-1.1602
2323	1	0.88263
2324	1	1.9004
2325	1	-3.11
2326	1	2.8582
2327	1	-3.1457
2328	1	-3.097
2329	1	0.92288
2330	1	-1.021
2331	1	2.9997
2332	1	1
2333	1	3
2334	1	-2
2335	1	-3
2336	1	3
2337	1	2
2338	1	-3
2339	1	-3
2340	1	-3
2341	1	-2
2342	1	3
2343	1	-3
2344	1	0.99965
2345	1	3
2346	1	3
2347	1	3
2348	1	-3
2349	1	-1
2350	1	-1
2351	1	-1
2352	1	3
2353	1	-2
2354	1	1
2355	1	2
2356	1	2
2357	1	3
2358	1	-3
2359	1	3
2360	1	-3
2361	1	2
2362	1	1
2363	1	-2
2364	1	3
2365	1	-2
2366	1	2.9899
2367	1	-2.0646
2368	1	0.9276
2369	1	0.93224
2370	1	-2.0902
2371	1	-1.15
2372	1	-2.1726
2373	1	2.7738
2374	1	-0.25215
2375	1	2.8142
2376	1	-2.1633
2377	1	0.81223
2378	1	1.798
2379	1	-1.1701
2380	1	1.9231
2381	1	-2.1067
2382	1	-2.094
2383	1	-1.1512
2384	1	-2.1424
2385	1	-1.1026
2386	1	2.9092
2387	1	0.8992
2388	1	0.88932
2389	1	0.91065
2390	1	-1.0992
2391	1	-0.094762
2392	1	1.9569
2393	1	-0.0012144
2394	1	-3
2395	1	3
2396	1	-3
2397	1	1
2398	1	2
2399	1	-3
2400	1	2
2401	1	3
2404	1	2
2405	1	-2
2406	1	3
2407	1	3
2409	1	3
2410	1	-2
2412	1	3
2413	1	1
2415	1	2
2416	1	-1
2419	1	-1
2420	1	3
2421	1	3
2422	1	-1
2423	1	3
2424	1	-1
2425	1	3
2426	1	-2
2427	1	3
2428	1	2.9932
2429	1	-0.051468
2430	1	-3.067
2431	1	1.9279
2432	1	-1.0746
2433	1	1.9247
2434	1	-0.069086
2435	1	0.9329
2436	1	-1.0918
2437	1	1.9135
2438	1	-1.0924
2439	1	2.8644
2440	1	1.8387
2441	1	1.865
2442	1	-1.0904
2443	1	2.8926
2444	1	-1.1458
2445	1	1.8511
2446	1	1.9054
2447	1	2.9006
2448	1	-3.0917
2449	1	-2.1043
2450	1	-0.14565
2451	1	1.8906
2452	1	-1.0919
2453	1	-3.1045
2454	1	2.9611
2455	1	-2.0005
2456	1	1
2457	1	2
2458	1	-2
2459	1	3
2461	1	-2
2462	1	-2
2463	1	1
2464	1	3
2465	1	2
2466	1	-2
2467	1	3
2468	1	-3
2469	1	-1
2470	1	1
2471	1	-3
2472	1	-3
2474	1	1
2475	1	-2
2476	1	1
2479	1	1
2480	1	-1
2481	1	1
2482	1	-1
2483	1	-3
2484	1	1
2485	1	-3
2486	1	-1
2487	1	-3
2488	1	-1
2489	1	-2
2490	1	1.9985
2491	1	0.96301
2492	1	1.937
2493	1	-1.0741
2494	1	-0.07244
2495	1	-1.0703
2496	1	2.9005
2497	1	-0.10076
2498	1	-3.0735
2499	1	2.9256
2500	1	-3.1096
2501	1	-2.1254
2502	1	-3.0977
2503	1	-1.1206
2504	1	-2.1032
2505	1	1.9172
2506	1	0.88987
2507	1	2.8542
2508	1	-1.1247
2509	1	-1.0866
2510	1	-0.083331
2511	1	2.8874
2512	1	0.87887
2513	1	-1.0908
2514	1	-0.10222
2515	1	2.9072
2516	1	0.98213
2517	1	-1.0001
2519	1	3
2520	1	2
2521	1	-3
2522	1	-1
2523	1	2
2524	1	-2
2525	1	-1
2526	1	-2
2527	1	-3
2528	1	-2
2530	1	1
2532	1	-3
2533	1	2
2534	1	-3
2535	1	-3
2536	1	3
2537	1	1
2539	1	1
2540	1	2
2541	1	-3
2543	1	-1
2544	1	-3
2545	1	2
2546	1	2
2547	1	2
2548	1	-3
2549	1	-1
2550	1	3
2551	1	1
2552	1	-2.0001
2553	1	-3.0194
2554	1	-2.063
2555	1	1.9311
2556	1	-0.061453
2557	1	2.9226
2558	1	-3.1327
2559	1	-3.0995
2560	1	0.92698
2561	1	-2.087
2562	1	1.9162
2563	1	0.92617
2564	1	-1.0951
2565	1	-2.0835
2566	1	-0.075563
2567	1	1.927
2568	1	1.8992
2569	1	-1.1097
2570	1	-0.096227
2571	1	2.9044
2572	1	2.9077
2573	1	1.9068
2574	1	-2.1022
2575	1	-3.1047
2576	1	-3.1037
2577	1	-2.0541
2578	1	-2.0055
2579	1	-1
2580	1	1
2581	1	-3
2582	1	3
2585	1	-3
2586	1	-3
2587	1	-3
2588	1	-2
2589	1	2
2590	1	3
2591	1	-3
2592	1	-3
2593	1	1
2595	1	-2
2596	1	3
2598	1	1
2599	1	-1
2600	1	-3
2601	1	3
2602	1	3
2603	1	3
2604	1	-2
2605	1	-1
2606	1	1
2607	1	-3
2608	1	1
2609	1	-1
2611	1	-2
2612	1	-2
2613	1	1
2614	1	-1
2615	1	-1.0011
2616	1	-0.034196
2617	1	-1.057
2618	1	2.9302
2619	1	-1.0738
2620	1	1.9296
2621	1	-2.0774
2622	1	-2.1442
2623	1	-2.1187
2624	1	0.91713
2625	1	0.91997
2626	1	2.9241
2627	1	2.9139
2628	1	1.9124
2629	1	0.88829
2630	1	2.8686
2631	1	-0.097345
2632	1	-0.088998
2633	1	-2.0983
2634	1	1.9093
2635	1	0.89876
2636	1	-3.0979
2637	1	0.89656
2638	1	2.9054
2639	1	-0.023652
2640	1	0.99892
2641	1	1
2642	1	-3
2643	1	-2
2644	1	3
2645	1	2
2646	1	3
2647	1	-1
2648	1	3
2649	1	2
2650	1	2
2653	1	3
2654	1	1
2655	1	-3
2656	1	-2
2657	1	-3
2658	1	1
2659	1	-3
2661	1	1
2663	1	-2
2664	1	-3
2665	1	-2
2666	1	-1
2667	1	3
2668	1	1
2669	1	-2
2670	1	2
2671	1	-1
2672	1	1
2673	1	-1
2675	1	3
2676	1	1
2677	1	3
2678	1	-1.0021
2679	1	-0.044412
2680	1	1.9204
2681	1	2.9186
2682	1	-0.075158
2683	1	-1.0837
2684	1	0.8886
2685	1	1.9179
2686	1	-1.091
2687	1	-2.0892
2688	1	-1.0808
2689	1	-3.0823
2690	1	-0.078859
2691	1	0.8754
2692	1	-0.12959
2693	1	1.8957
2694	1	-1.096
2695	1	0.86902
2696	1	2.8537
2697	1	0.90061
2698	1	-3.0994
2699	1	0.90481
2700	1	-1.037
2701	1	-0.0039709
2702	1	-1
2703	1	3
2704	1	-3
2707	1	-2
2709	1	-1
2710	1	2
2711	1	-3
2712	1	1
2713	1	1
2714	1	-3
2715	1	2
2716	1	3
2717	1	2
2718	1	3
2719	1	1
2720	1	3
2721	1	2
2722	1	-3
2723	1	-3
2724	1	2
2725	1	-1
2726	1	-2
2727	1	-3
2728	1	-2
2729	1	-1
2730	1	2
2731	1	2
2732	1	3
2733	1	1
2734	1	-1
2736	1	2
2737	1	3
2738	1	-3
2739	1	-2
2740	1	-1.0001
2741	1	-1.0085
2742	1	2.9534
2743	1	0.93182
2744	1	-3.0806
2745	1	-0.098945
2746	1	-0.12877
2747	1	-1.1081
2748	1	2.9047
2749	1	2.9242
2750	1	-0.084623
2751	1	-0.092275
2752	1	-2.1126
2753	1	1.9089
2754	1	-2.1052
2755	1	0.89629
2756	1	0.89252
2757	1	-0.13054
2758	1	1.8949
2759	1	-0.11018
2760	1	1.9091
2761	1	1.9589
2762	1	2.9955
2763	1	2
2765	1	1
2766	1	1
2767	1	3
2769	1	1
2770	1	-2
2771	1	2
2772	1	-2
2773	1	-3
2774	1	-1
2775	1	-1
2776	1	-2
2777	1	-2
2778	1	3
2779	1	1
2781	1	-2
2782	1	3
2783	1	2
2784	1	1
2785	1	-2
2787	1	2
2788	1	-3
2789	1	2
2790	1	3
2791	1	-3
2792	1	-3
2793	1	-3
2795	1	3
2796	1	-1
2798	1	-3
2799	1	1
2801	1	2
2802	1	-3
2803	1	3
2804	1	-0.0032384
2805	1	-3.0329
2806	1	-1.065
2807	1	2.8347
2808	1	2.768
2809	1	-3.1457
2810	1	2.9275
2811	1	2.9027
2812	1	0.90734
2813	1	-0.088015
2814	1	-0.078917
2815	1	-1.0828
2816	1	-2.105
2817	1	2.8853
2818	1	-0.093008
2819	1	2.917
2820	1	1.9023
2821	1	-0.084179
2822	1	0.98608
2823	1	-2.0044
2824	1	0.99965
2825	1	3
2826	1	3
2827	1	3
2828	1	-3
2829	1	3
2831	1	-3
2832	1	-2
2833	1	-1
2834	1	-2
2835	1	2
2836	1	3
2837	1	2
2838	1	1
2839	1	2
2840	1	-3
2842	1	-3
2843	1	2
2844	1	-1
2845	1	2
2846	1	2
2847	1	-1
2848	1	-2
2849	1	-1
2852	1	-1
2853	1	2
2854	1	-3
2855	1	-1
2856	1	-2
2857	1	-1
2858	1	-1
2859	1	-3
2860	1	1
2861	1	1
2862	1	2
2864	1	1
2865	1	1
2866	1	-1
2867	1	-1.0018
2868	1	0.97348
2869	1	-3.1253
2870	1	2.8298
2871	1	0.87744
2872	1	-3.0903
2873	1	2.9178
2874	1	-0.08123
2875	1	2.9271
2876	1	2.9269
2877	1	-2.0883
2878	1	-0.092487
2879	1	-3.0882
2880	1	-2.0919
2881	1	-1.0884
2882	1	1.971
2883	1	-1.0033
2884	1	-0.0039131
2885	1	-1
2886	1	2
2887	1	3
2889	1	-3
2890	1	-3
2891	1	-1
2892	1	-1
2893	1	3
2895	1	1
2896	1	-3
2897	1	-2
2898	1	2
2900	1	3
2902	1	-1
2903	1	3
2904	1	1
2905	1	3
2906	1	2
2907	1	-3
2908	1	-2
2909	1	-2
2910	1	-1
2912	1	2
2913	1	2
2914	1	1
2916	1	-1
2917	1	1
2918	1	1
2919	1	2
2920	1	3
2921	1	-3
2922	1	1
2923	1	-2
2924	1	3
2925	1	3
2926	1	2
2927	1	-3
2929	1	-1
2930	1	-3
2931	1	-2.0063
2932	1	-3.0291
2933	1	-2.062
2934	1	2.926
2935	1	1.9142
2936	1	-3.0786
2937	1	2.9161
2938	1	2.9182
2939	1	-3.0776
2940	1	-1.0778
2941	1	1.9356
2942	1	-3.0281
2943	1	-2.0026
2944	1	-1.0035
2945	1	1.9998
2947	1	-3
2948	1	-3
2949	1	-1
2950	1	-2
2951	1	3
2952	1	-3
2953	1	-2
2954	1	-3
2955	1	3
2956	1	2
2957	1	-2
2958	1	-1
2959	1	1
2960	1	1
2961	1	-3
2962	1	-2
2963	1	-2
2964	1	2
2965	1	1
2966	1	-2
2967	1	1
2968	1	-3
2969	1	-3
2971	1	-1
2973	1	-2
2975	1	-2
2976	1	-3
2977	1	3
2979	1	-2
2980	1	3
2981	1	-3
2983	1	-2
2984	1	3
2985	1	3
2987	1	-2
2988	1	1
2989	1	2
2991	1	2
2992	1	2
2994	1	2
2995	1	-0.0025637
2996	1	1.9937
2997	1	2.9867
2998	1	2.9775
2999	1	-3.0319
3000	1	0.97311
3001	1	1.9936
3002	1	-2.0012
3003	1	-0.0010795
3004	1	-1.0015
3005	1	-0.00052046
3006	1	1
3007	1	-2
3008	1	3
3010	1	3
3012	1	-1
3013	1	1
3014	1	2
3015	1	3
3016	1	-3
3017	1	2
3018	1	-2
3019	1	2
3020	1	-3
3022	1	2
3023	1	1
3024	1	-2
3025	1	-1
3027	1	3
3028	1	-2
3029	1	1
3030	1	-3
3031	1	2
3032	1	-2
3034	1	1
3035	1	-2
3037	1	3
3038	1	-1
3039	1	-3
3040	1	1
3041	1	-2
3042	1	1
3043	1	-1
3044	1	1
3045	1	-3
3046	1	-1
3047	1	1
3048	1	3
3050	1	-2
3051	1	-3
3053	1	-3
3054	1	3
3056	1	3
3057	1	3
3058	1	1
3059	1	-1
3060	1	2
3061	1	1
3062	1	0.99942
3063	1	0.99944
3064	1	3
3065	1	3
3067	1	-2
3068	1	-1
3069	1	-3
3070	1	-3
3071	1	2
3072	1	-2
3073	1	2
3074	1	2
3075	1	-2
3077	1	2
3078	1	1
3079	1	-2
3080	1	3
3082	1	2
3083	1	2
3085	1	-1
3086	1	-1
3087	1	2
3088	1	3
3090	1	-2
3092	1	-2
3093	1	-1
3094	1	-2
3095	1	2
3098	1	2
3099	1	-3
3100	1	3
3101	1	2
3102	1	1
3104	1	-2
3105	1	3
3107	1	-1
3108	1	2
3109	1	1
3110	1	3
3111	1	1
3112	1	-2
3113	1	-3
3114	1	-2
3115	1	-3
3116	1	-1
3117	1	2
3118	1	-1
3119	1	-3
3120	1	-3
3121	1	1
3122	1	2
3123	1	-3
3124	1	-1
3126	1	-1
3127	1	1
3128	1	2
3129	1	1
3130	1	3
3131	1	1
3132	1	1
3133	1	3
3134	1	-3
3135	1	-3
3136	1	3
3137	1	-1
3138	1	1
3139	1	-1
3140	1	3
3141	1	2
3142	1	-2
3143	1	-1
3144	1	-1
3145	1	2
3146	1	-3
3147	1	2
3148	1	-3
3149	1	-3
3151	1	2
3152	1	2
3153	1	3
3154	1	-2
3155	1	3
3156	1	-2
3157	1	-3
3158	1	3
3159	1	-3
3160	1	-2
3161	1	-3
3162	1	-3
3163	1	1
3164	1	-3
3165	1	2
3166	1	-2
3167	1	-1
3168	1	1
3169	1	3
3170	1	-1
3171	1	3
3172	1	2
3173	1	-3
3174	1	-2
3175	1	-2
3176	1	-3
3177	1	3
3178	1	-3
3179	1	3
3180	1	-3
3181	1	-1
3182	1	-2
3184	1	1
3185	1	-1
3186	1	2
3187	1	-3
3188	1	-2
3189	1	3
3190	1	2
3191	1	-3
3192	1	3
3193	1	-1
3195	1	2
3197	1	3
3199	1	1
3200	1	-1
3201	1	3
3202	1	3
3203	1	-3
3204	1	1
3205	1	3
3206	1	1
3207	1	2
3208	1	2
3209	1	-3
3210	1	1
3211	1	3
3212	1	-1
3214	1	-2
3215	1	2
3216	1	-1
3217	1	3
3218	1	1
3219	1	-1
3220	1	-2
3221	1	-3
3222	1	1
3223	1	-2
3224	1	1
3225	1	-3
3226	1	3
3227	1	-2
3228	1	2
3229	1	-3
3231	1	2
3233	1	1
3234	1	3
3235	1	-2
3236	1	1
3237	1	2
3238	1	2
3239	1	1
3240	1	3
3241	1	-3
3242	1	-3
3244	1	-1
3245	1	1
3246	1	-3
3247	1	1
3248	1	3
3249	1	-3
3250	1	-1
3251	1	-3
3252	1	-2
3253	1	1
3254	1	3
3255	1	2
3256	1	-3
3259	1	-1
3260	1	-3
3261	1	1
3262	1	1
3263	1	-1
3266	1	-3
3267	1	-2
3268	1	-1
3269	1	-3
3270	1	3
3271	1	2
3272	1	3
3273	1	3
3274	1	-1
3275	1	-1
3276	1	-3
3277	1	2
3278	1	-1
3279	1	-2
3280	1	1
3281	1	-2
3282	1	-3
3283	1	3
3284	1	2
3285	1	3
3286	1	-3
3287	1	-2
3288	1	2
3289	1	2
3290	1	-2
3291	1	-1
3292	1	-1
3293	1	-1
3294	1	-3
3295	1	3
3296	1	2
3297	1	1
3298	1	3
3299	1	-3
3302	1	-3
3303	1	1
3304	1	-1
3305	1	1
3306	1	1
3307	1	-1
3308	1	2
3309	1	2
3310	1	3
3311	1	1
3312	1	-1
3313	1	-2
3314	1	3
3315	1	1
3316	1	2
3317	1	-2
3318	1	-2
3319	1	3
3320	1	2
3321	1	3
3322	1	-2
3323	1	2
3324	1	2
3325	1	3
3326	1	-3
3327	1	-2
3328	1	2
3329	1	3
3330	1	-3
3331	1	-1
3332	1	-3
3335	1	-2
3336	1	-2
3337	1	-3
3338	1	-3
3339	1	-2
3340	1	1
3341	1	1
3342	1	3
3343	1	1
3345	1	-1
3346	1	-3
3347	1	-2
3349	1	-1
3350	1	-3
3351	1	-3
3352	1	-3
3353	1	2
3354	1	-1
3355	1	1
3357	1	-1
3358	1	-2
3359	1	-2
3360	1	-3
3361	1	2
3362	1	-1
3363	1	-3
3364	1	-1
3365	1	3
3366	1	-2
3367	1	-1
3370	1	2
3371	1	-3
3372	1	2
3373	1	3
3374	1	2
3375	1	-3
3376	1	-3
3377	1	-1
3378	1	-1
3379	1	1
3380	1	2
3381	1	2
3382	1	1
3384	1	-1
3386	1	1
3387	1	-3
3388	1	3
3390	1	-3
3391	1	-1
3393	1	1
3394	1	2
3395	1	1
3396	1	1
3397	1	1
3398	1	-1
3399	1	2
3402	1	-3
3403	1	2
3404	1	-2
3405	1	2
3406	1	-3
3407	1	2
3408	1	-1
3410	1	-3
3411	1	-1
3412	1	2
3413	1	3
3414	1	2
3415	1	-2
3416	1	-1
3417	1	3
3418	1	-3
3419	1	2
3421	1	3
3424	1	2
3425	1	-2
3426	1	-2
3427	1	-2
3428	1	2
3429	1	1
3430	1	1
3431	1	2
3432	1	-3
3433	1	3
3434	1	-3
3435	1	3
3436	1	-3
3437	1	3
3438	1	1
3439	1	2
3440	1	2
3441	1	3
3442	1	-2
3443	1	-3
3444	1	-3
3445	1	3
3446	1	3
3447	1	3
3448	1	1
3449	1	-3
3450	1	1
3451	1	-1
3452	1	1
3453	1	-2
3454	1	3
3455	1	-3
3456	1	2
3457	1	1
3458	1	-1
3459	1	3
3460	1	-1
3462	1	3
3463	1	3
3464	1	-2
3465	1	2
3466	1	1
3467	1	1
3468	1	-1
3469	1	-2
3470	1	-3
3471	1	-2
3472	1	-2
3473	1	-2
3474	1	3
3475	1	1
3476	1	1
3477	1	-2
3478	1	2
3479	1	-3
3480	1	-3
3481	1	1
3482	1	3
3483	1	-1
3484	1	2
3485	1	3
3486	1	-3
3487	1	-1
3488	1	3
3490	1	2
3491	1	2
3492	1	2
3493	1	3
3494	1	1
3495	1	-3
3496	1	-1
3497	1	-2
3498	1	-2
3499	1	-1
3500	1	-2
3501	1	-2
3503	1	-1
3504	1	-2
3505	1	-3
3506	1	3
3507	1	-3
3508	1	1
3509	1	-3
3510	1	3
3512	1	3
3513	1	-3
3514	1	1
3515	1	2
3516	1	1
3519	1	-1
3521	1	-2
3522	1	-2
3523	1	3
3524	1	-2
3526	1	-1
3527	1	3
3528	1	2
3529	1	-3
3530	1	1
3531	1	-1
3532	1	-3
3534	1	-1
3535	1	3
3536	1	-2
3537	1	3
3539	1	2
3540	1	-2
3541	1	-2
3542	1	3
3543	1	2
3544	1	2
3545	1	-1
3546	1	2
3547	1	-1
3548	1	3
3550	1	-1
3551	1	-3
3552	1	2
3553	1	1
3554	1	-1
3555	1	1
3556	1	-2
3557	1	-2
3558	1	-1
3559	1	-3
3560	1	3
3561	1	2
3563	1	-1
3564	1	1
3565	1	-3
3566	1	-3
3567	1	-2
3568	1	-2
3569	1	3
3570	1	-2
3571	1	-3
3572	1	-3
3573	1	-1
3574	1	2
3575	1	-3
3576	1	-3
3577	1	-2
3578	1	3
3579	1	3
3580	1	3
3581	1	3
3582	1	-2
3583	1	-2
3584	1	-1
3585	1	3
3586	1	3
3587	1	1
3588	1	-2
3589	1	-3
3590	1	-2
3591	1	2
3592	1	1
3594	1	2
3596	1	-1
3597	1	1
3598	1	1
3599	1	-3
3600	1	-3
3601	1	-3
3602	1	-3
3603	1	-3
3604	1	3
3605	1	-3
3607	1	3
3609	1	-2
3610	1	3
3611	1	3
3612	1	1
3613	1	-3
3614	1	-2
3615	1	-3
3617	1	3
3618	1	1
3620	1	1
3621	1	-2
3622	1	1
3623	1	-1
3624	1	1
3625	1	-1
3626	1	-2
3627	1	-3
3628	1	2
3629	1	2
3630	1	-1
3631	1	-3
3632	1	-3
3633	1	3
3634	1	-2
3635	1	2
3637	1	2
3638	1	-1
3640	1	2
3641	1	2
3642	1	3
3644	1	2
3645	1	3
3646	1	2
3647	1	-3
3648	1	-2
3649	1	2
3650	1	-3
3651	1	3
3652	1	2
3653	1	3
3654	1	-1
3655	1	2
3656	1	2
3657	1	-1
3659	1	1
3660	1	2
3661	1	1
3662	1	-1
3663	1	2
3664	1	2
3665	1	-2
3667	1	-2
3668	1	-3
3669	1	1
3670	1	-3
3671	1	-2
3672	1	2
3673	1	1
3674	1	1
3675	1	3
3676	1	2
3677	1	2
3678	1	2
3679	1	-2
3680	1	-1
3681	1	-2
3682	1	-2
3683	1	-2
3684	1	1
3687	1	-2
3688	1	1
3689	1	2
3690	1	-3
3691	1	3
3692	1	1
3693	1	3
3694	1	2
3695	1	-3
3697	1	-1
3698	1	-2
3699	1	3
3700	1	-1
3701	1	-1
3702	1	3
3703	1	-1
3705	1	3
3706	1	1
3707	1	1
3708	1	2
3709	1	2
3710	1	-1
3711	1	-3
3712	1	3
3713	1	-3
3714	1	3
3715	1	3
3716	1	3
3717	1	1
3720	1	-1
3721	1	-3
3722	1	-1
3723	1	2
3724	1	-3
3725	1	-3
3726	1	-1
3727	1	2
3729	1	-1
3730	1	2
3731	1	3
3734	1	1
3735	1	-1
3736	1	3
3737	1	-3
3738	1	2
3739	1	-1
3740	1	-3
3742	1	1
3743	1	1
3744	1	2
3745	1	-2
3746	1	2
3747	1	2
3748	1	2
3750	1	1
3751	1	-2
3753	1	3
3754	1	-3
3755	1	-1
3756	1	-3
3757	1	2
3758	1	2
3759	1	2
3760	1	-1
3761	1	2
3762	1	1
3763	1	3
3764	1	1
3765	1	1
3766	1	-3
3767	1	3
3768	1	-2
3769	1	-2
3770	1	-2
3773	1	1
3774	1	2
3775	1	-2
3776	1	3
3777	1	-1
3778	1	-2
3779	1	-2
3780	1	-3
3781	1	1
3782	1	1
3783	1	-2
3784	1	1
3785	1	-1
3786	1	2
3787	1	-1
3789	1	-2
3790	1	-1
3791	1	1
3792	1	-3
3793	1	-2
3794	1	-2
3795	1	-3
3796	1	1
3798	1	2
3799	1	-1
3800	1	1
3801	1	-2
3802	1	1
3803	1	3
3804	1	1
3805	1	3
3806	1	-3
3809	1	1
3810	1	1
3811	1	3
3812	1	-2
3814	1	-3
3815	1	-2
3818	1	-1
3819	1	-3
3820	1	-1
3821	1	2
3822	1	1
3823	1	-2
3825	1	3
3826	1	2
3827	1	-3
3829	1	1
3830	1	-1
3831	1	-2
3833	1	2
3834	1	-3
3835	1	-1
3837	1	3
3838	1	1
3839	1	1
3840	1	-3
3842	1	-3
3843	1	1
3844	1	2
1	2	-3
2	2	2
3	2	1
4	2	-3
5	2	3
7	2	-2
9	2	1
10	2	-2
12	2	2
13	2	3
14	2	-1
15	2	-1
16	2	1
17	2	3
18	2	3
19	2	-1
21	2	2
22	2	3
23	2	3
24	2	-1
25	2	-2
26	2	-2
27	2	-3
28	2	3
29	2	3
30	2	2
31	2	2
33	2	1
34	2	-3
35	2	-3
36	2	1
37	2	-2
38	2	-3
39	2	2
40	2	-1
41	2	3
42	2	-3
43	2	-3
44	2	3
45	2	3
46	2	-2
48	2	-3
49	2	1
50	2	1
51	2	1
52	2	2
53	2	2
54	2	-3
55	2	-3
57	2	-1
58	2	-2
59	2	-3
60	2	-2
61	2	3
62	2	-1
64	2	-1
65	2	1
67	2	3
68	2	-2
69	2	1
71	2	-3
72	2	1
73	2	-1
74	2	-3
76	2	1
77	2	2
78	2	2
79	2	-1
81	2	1
82	2	2
83	2	-1
84	2	-1
85	2	-1
87	2	1
88	2	1
89	2	-1
90	2	1
91	2	2
92	2	-2
93	2	-1
94	2	-3
95	2	2
96	2	2
97	2	-1
98	2	-1
99	2	3
101	2	-3
102	2	3
103	2	1
104	2	3
105	2	2
106	2	-3
107	2	-1
108	2	3
110	2	-1
112	2	3
114	2	3
115	2	-2
116	2	-3
117	2	-1
118	2	-3
120	2	3
121	2	-2
122	2	-3
123	2	-2
124	2	-2
127	2	-2
128	2	1
129	2	-3
130	2	-2
131	2	1
132	2	-1
134	2	-1
135	2	-3
136	2	-1
138	2	-3
139	2	1
140	2	3
141	2	-3
142	2	-1
145	2	3
146	2	2
147	2	2
148	2	1
149	2	-3
150	2	1
151	2	-1
152	2	-3
153	2	-3
154	2	3
155	2	-2
157	2	-1
158	2	-2
159	2	-2
160	2	1
161	2	-3
162	2	2
163	2	-1
164	2	2
166	2	-2
167	2	-2
168	2	-1
169	2	3
170	2	-2
171	2	2
172	2	2
174	2	1
175	2	-1
176	2	-1
177	2	2
178	2	-3
179	2	-2
181	2	-1
182	2	2
184	2	2
185	2	-3
186	2	3
187	2	-2
188	2	2
189	2	-3
190	2	3
191	2	2
192	2	-3
193	2	3
194	2	2
195	2	-3
196	2	1
197	2	1
198	2	-2
200	2	3
202	2	-3
203	2	1
204	2	3
206	2	-2
207	2	3
208	2	3
209	2	-1
210	2	2
211	2	-3
212	2	-2
213	2	-3
214	2	-3
216	2	-2
217	2	-3
218	2	2
220	2	3
222	2	3
223	2	2
224	2	3
225	2	2
226	2	-2
227	2	-3
228	2	1
229	2	2
230	2	-2
231	2	-1
233	2	1
234	2	1
235	2	-3
236	2	3
237	2	1
238	2	1
239	2	1
240	2	1
241	2	-3
242	2	-3
243	2	-1
244	2	-2
245	2	1
246	2	3
247	2	-2
248	2	2
249	2	1
251	2	3
252	2	1
254	2	-3
255	2	-3
256	2	3
257	2	2
258	2	3
259	2	3
260	2	2
262	2	-1
263	2	-2
265	2	-3
266	2	-1
267	2	2
268	2	-1
269	2	1
270	2	1
271	2	3
272	2	-2
273	2	-3
274	2	3
275	2	3
276	2	-1
277	2	-2
278	2	-2
279	2	-2
280	2	1
281	2	2
282	2	-3
283	2	1
284	2	-2
285	2	-2
286	2	2
287	2	-2
288	2	-3
290	2	-2
291	2	-1
292	2	-2
293	2	3
294	2	-2
296	2	-2
298	2	2
300	2	3
301	2	1
304	2	-1
305	2	2
306	2	1
307	2	-2
308	2	3
311	2	2
312	2	1
313	2	2
314	2	-2
315	2	-1
316	2	-1
317	2	2
318	2	3
319	2	-2
320	2	3
321	2	1
322	2	-2
324	2	-3
325	2	1
326	2	2
328	2	1
329	2	2
330	2	-2
331	2	-3
333	2	3
334	2	3
335	2	-3
336	2	3
337	2	3
338	2	-2
339	2	3
340	2	-2
341	2	1
344	2	-2
345	2	-3
346	2	-2
347	2	1
348	2	1
349	2	3
350	2	-2
351	2	-3
353	2	-2
354	2	3
355	2	-2
356	2	-2
358	2	-2
359	2	-3
360	2	3
361	2	3
362	2	3
363	2	2
364	2	-1
365	2	-3
366	2	2
367	2	1
369	2	-2
370	2	-1
371	2	1
373	2	2
374	2	1
375	2	-3
376	2	3
377	2	-2
380	2	1
381	2	2
382	2	2
383	2	-1
384	2	-2
385	2	2
386	2	1
387	2	1
389	2	1
390	2	-1
391	2	3
394	2	-1
396	2	1
397	2	-2
398	2	2
399	2	-2
400	2	-2
401	2	1
402	2	-2
403	2	-1
404	2	-2
405	2	-3
406	2	2
407	2	-1
409	2	-3
410	2	-3
411	2	-1
412	2	-1
413	2	-1
414	2	1
415	2	-1
416	2	2
417	2	3
419	2	-1
421	2	-2
422	2	-1
423	2	2
424	2	3
425	2	-3
426	2	3
427	2	-3
428	2	-3
429	2	2
430	2	-1
431	2	-2
432	2	2
433	2	3
434	2	2
435	2	-1
436	2	3
437	2	-1
439	2	-2
440	2	1
441	2	-1
442	2	1
443	2	-3
444	2	-3
445	2	-2
446	2	-2
447	2	-2
448	2	-2
449	2	-2
450	2	-3
451	2	-3
452	2	-3
453	2	1
454	2	-2
456	2	-2
457	2	2
458	2	-3
460	2	3
461	2	2
462	2	2
463	2	-1
464	2	3
465	2	-1
466	2	3
467	2	2
468	2	-1
470	2	-1
471	2	-3
472	2	2
474	2	-2
476	2	3
478	2	1
480	2	-3
481	2	-1
482	2	-1
483	2	-3
484	2	-2
485	2	3
486	2	2
487	2	-3
488	2	-2
489	2	3
490	2	3
491	2	-1
493	2	2
494	2	-1
496	2	3
498	2	2
499	2	2
500	2	-2
501	2	2
502	2	-3
503	2	2
505	2	-1
506	2	2
507	2	1
509	2	2
510	2	2
511	2	2
513	2	-2
514	2	1
515	2	3
516	2	-1
517	2	-1
518	2	-1
519	2	2
520	2	1
521	2	-2
522	2	3
523	2	-3
524	2	-3
525	2	3
526	2	1
527	2	2
528	2	-2
529	2	-1
530	2	-3
532	2	3
534	2	-1
536	2	-3
537	2	2
538	2	-1
539	2	-2
540	2	-1
541	2	-2
542	2	-1
543	2	-3
544	2	-2
546	2	-3
547	2	-1
551	2	-1
552	2	-2
553	2	-2
555	2	-1
556	2	1
557	2	2
558	2	2
559	2	1
560	2	-2
564	2	-3
565	2	-1
566	2	3
567	2	-2
568	2	-2
570	2	-1
571	2	2
572	2	1
573	2	1
574	2	-1
575	2	-3
576	2	-1
577	2	2
578	2	-2
579	2	3
580	2	-3
581	2	2
582	2	-2
583	2	-2
585	2	1
586	2	1
587	2	3
589	2	1
590	2	1
591	2	1
592	2	-1
593	2	1
594	2	-1
595	2	-1
596	2	2
598	2	1
599	2	-1
600	2	-2
603	2	-3
606	2	-3
607	2	-3
608	2	-1
609	2	3
610	2	1
611	2	2
612	2	-2
614	2	-3
615	2	2
616	2	-2
617	2	1
618	2	1
619	2	-2
620	2	2
621	2	-1
622	2	-2
623	2	1
624	2	-1
627	2	2
629	2	3
630	2	-3
631	2	3
632	2	-2
633	2	3
634	2	-3
636	2	-3
637	2	-3
638	2	2
639	2	1
640	2	2
641	2	1
642	2	-3
643	2	1
645	2	3
646	2	3
647	2	1
648	2	1
649	2	-2
650	2	1
651	2	2
652	2	2
653	2	-1
654	2	-3
655	2	1
656	2	-1
657	2	2
658	2	-2
659	2	3
660	2	3
661	2	-1
662	2	2
663	2	2
664	2	1
665	2	-3
666	2	-3
667	2	3
668	2	1
669	2	-3
670	2	-2
671	2	2
672	2	-3
673	2	2
674	2	3
675	2	-1
676	2	2
677	2	2
678	2	-2
679	2	1
680	2	1
681	2	3
682	2	-1
683	2	2
684	2	-3
685	2	-3
687	2	-1
688	2	-1
689	2	3
690	2	1
691	2	-1
692	2	-2
693	2	2
694	2	3
695	2	-1
696	2	-3
698	2	-1
699	2	-2
702	2	1
703	2	-1
704	2	-0.00010394
705	2	-9.4487e-05
706	2	-0.00010866
707	2	0.99998
708	2	-1
709	2	3
710	2	1
711	2	-1
712	2	3
713	2	-3
714	2	-2
715	2	2
716	2	2
717	2	-1
718	2	3
719	2	3
720	2	2
723	2	3
724	2	3
725	2	1
726	2	1
727	2	3
728	2	2
731	2	1
732	2	-1
733	2	-1
734	2	-2
735	2	2
736	2	-1
737	2	1
738	2	-3
739	2	-3
740	2	3
741	2	2
742	2	3
743	2	2
745	2	1
747	2	-1
748	2	-2
749	2	3
750	2	3
752	2	-1
754	2	2
755	2	-3
757	2	2
758	2	1
759	2	1
760	2	2
762	2	-2
763	2	2.9996
764	2	0.99743
765	2	1.9919
766	2	1.9891
767	2	0.99002
768	2	-1.0099
769	2	0.99325
770	2	0.99305
771	2	-3.0047
772	2	1.9987
773	2	-3
774	2	-2
775	2	2
777	2	-3
778	2	-2
779	2	-1
780	2	2
781	2	2
782	2	-2
783	2	-3
784	2	3
786	2	-2
787	2	-1
788	2	-2
789	2	1
790	2	1
791	2	-3
792	2	-3
794	2	-2
795	2	3
796	2	-1
797	2	-1
798	2	-2
799	2	3
800	2	3
801	2	-3
802	2	-1
803	2	1
804	2	-2
805	2	-1
806	2	-1
807	2	-1
808	2	3
809	2	-2
810	2	-2
811	2	3
813	2	2
814	2	-3
815	2	-2
817	2	-1
818	2	3
819	2	1
820	2	-3
821	2	-2
822	2	-2
823	2	1.9997
824	2	1.9946
825	2	1.9826
826	2	-2.0205
827	2	-1.0224
828	2	1.9805
829	2	-2.0188
830	2	0.98361
831	2	-1.0191
832	2	0.98084
833	2	-1.0183
834	2	2.9846
835	2	-2.0086
836	2	0.99685
837	2	-3.0001
839	2	1
840	2	-3
842	2	-2
843	2	-1
844	2	1
845	2	3
846	2	-3
847	2	-2
848	2	-1
849	2	-2
850	2	1
851	2	2
853	2	-3
854	2	-2
855	2	1
856	2	-1
857	2	2
858	2	3
859	2	2
860	2	-3
861	2	2
862	2	-1
863	2	2
864	2	-2
865	2	1
866	2	-2
867	2	2
868	2	-2
869	2	-2
870	2	-2
872	2	3
875	2	-3
877	2	1
878	2	3
879	2	-1
880	2	-3
881	2	-2
882	2	3
883	2	1.9999
884	2	1.9971
885	2	1.9863
886	2	2.9792
887	2	2.9795
888	2	0.97958
889	2	2.9781
890	2	1.9755
891	2	0.98087
892	2	2.9806
893	2	-2.0268
894	2	-1.0262
895	2	-0.026173
896	2	-1.0221
897	2	-2.0209
898	2	2.9804
899	2	-1.009
900	2	1.9973
901	2	-2
902	2	2
903	2	-1
904	2	-3
905	2	-1
906	2	-1
907	2	2
908	2	3
909	2	-2
910	2	1
911	2	-1
913	2	2
914	2	1
915	2	-3
916	2	3
917	2	2
919	2	-2
920	2	-1
921	2	-3
924	2	-3
925	2	-1
927	2	3
928	2	2
929	2	2
930	2	2
931	2	-2
932	2	-1
933	2	3
934	2	-2
935	2	-3
936	2	3
937	2	-3
938	2	2
939	2	2
940	2	-3
941	2	3
942	2	-2
943	2	-2
944	2	-0.00024567
945	2	-1.0085
946	2	1.9792
947	2	0.97919
948	2	0.97608
949	2	-3.0241
950	2	-1.0187
951	2	2.9799
952	2	2.9805
953	2	0.95561
954	2	-0.05357
955	2	1.966
956	2	1.9737
957	2	-3.025
958	2	0.97827
959	2	1.977
960	2	1.9762
961	2	-3.0224
962	2	-2.0149
963	2	-1.0041
964	2	-6.6141e-05
965	2	3
966	2	3
967	2	1
968	2	2
969	2	3
970	2	-1
971	2	-2
973	2	3
974	2	-2
975	2	3
976	2	-1
977	2	-2
978	2	2
980	2	-1
981	2	-1
982	2	-2
983	2	2
984	2	-3
985	2	-1
986	2	-3
987	2	3
988	2	-3
989	2	-2
990	2	-1
991	2	3
993	2	-2
994	2	-1
995	2	3
996	2	-3
997	2	-2
998	2	2
999	2	-2
1001	2	-1
1002	2	3
1003	2	2
1004	2	3
1005	2	-1.0002
1006	2	-0.010124
1007	2	1.9803
1008	2	-1.0199
1009	2	2.9804
1010	2	-1.0183
1011	2	-3.0178
1012	2	-2.0176
1013	2	-1.0195
1014	2	-3.0296
1015	2	1.9389
1016	2	2.9389
1017	2	-3.0469
1018	2	-2.0301
1019	2	-3.0247
1020	2	0.97765
1021	2	-0.026579
1022	2	-3.0241
1023	2	1.973
1024	2	1.9732
1025	2	-2.0142
1026	2	0.99788
1027	2	2
1028	2	2
1029	2	-1
1030	2	2
1031	2	-3
1032	2	-3
1033	2	2
1035	2	3
1036	2	-2
1037	2	2
1038	2	-3
1039	2	1
1040	2	-3
1041	2	-2
1042	2	-2
1043	2	-2
1044	2	1
1045	2	1
1046	2	3
1047	2	1
1048	2	1
1049	2	-1
1050	2	-1
1052	2	2
1053	2	-1
1054	2	3
1055	2	2
1056	2	2
1057	2	3
1058	2	-1
1059	2	-3
1060	2	-2
1061	2	-3
1062	2	1
1063	2	3
1064	2	1
1065	2	-1
1066	2	-2.0001
1067	2	-1.0086
1068	2	0.98215
1069	2	-0.017409
1070	2	1.9758
1071	2	-1.0266
1072	2	-3.0182
1073	2	1.9813
1074	2	-1.0207
1075	2	-2.0332
1076	2	0.97068
1077	2	0.96218
1078	2	2.9502
1079	2	-3.0483
1080	2	1.9504
1081	2	2.9508
1082	2	-2.0281
1083	2	2.9733
1084	2	1.9746
1085	2	0.9722
1086	2	0.97758
1087	2	-0.022238
1088	2	-2.0098
1089	2	0.99903
1090	2	-1
1092	2	1
1093	2	3
1094	2	-3
1095	2	3
1096	2	3
1098	2	2
1099	2	-1
1101	2	2
1102	2	-1
1103	2	-2
1104	2	-2
1105	2	1
1108	2	3
1109	2	2
1110	2	-2
1111	2	3
1112	2	-3
1113	2	-3
1114	2	-2
1115	2	-1
1116	2	-1
1117	2	2
1118	2	3
1119	2	-3
1120	2	-1
1121	2	3
1122	2	-2
1123	2	-3
1124	2	-3
1125	2	-2
1126	2	1
1127	2	-3
1128	2	0.99417
1129	2	-1.0177
1130	2	-1.0179
1131	2	2.9816
1132	2	-3.0262
1133	2	-2.0218
1134	2	-1.0213
1135	2	0.98027
1136	2	1.9811
1137	2	-3.0326
1138	2	1.9758
1139	2	-1.0304
1140	2	-1.0271
1141	2	-3.0229
1142	2	-1.0395
1143	2	-3.0373
1144	2	-1.0263
1145	2	2.9777
1146	2	1.9781
1147	2	1.9791
1148	2	-3.0221
1149	2	-2.0235
1150	2	0.98206
1151	2	-3.0046
1152	2	-2
1153	2	1
1154	2	-2
1155	2	1
1156	2	-3
1158	2	-3
1160	2	-2
1161	2	-2
1162	2	-1
1164	2	-1
1165	2	2
1166	2	-1
1167	2	-3
1168	2	-1
1169	2	-1
1170	2	-1
1171	2	-3
1172	2	2
1173	2	-3
1174	2	-1
1175	2	-1
1176	2	1
1177	2	-2
1178	2	2
1179	2	2
1180	2	-1
1181	2	-2
1182	2	1
1183	2	-1
1184	2	3
1185	2	1
1186	2	-3
1187	2	2
1188	2	1
1189	2	-3.0009
1190	2	-2.016
1191	2	2.9817
1192	2	-2.0216
1193	2	-3.0196
1194	2	-0.02331
1195	2	-3.0272
1196	2	0.9774
1197	2	-0.01936
1198	2	1.9754
1199	2	0.97888
1200	2	-3.0207
1201	2	0.97612
1202	2	-3.0247
1203	2	2.9792
1204	2	-3.0232
1205	2	0.96973
1206	2	1.9702
1207	2	0.97513
1208	2	-1.0246
1209	2	2.9788
1210	2	-0.02382
1211	2	0.97745
1212	2	-3.0221
1213	2	1.9911
1214	2	-0.00036378
1215	2	3
1216	2	2
1217	2	-2
1218	2	-3
1219	2	-3
1220	2	-2
1221	2	-2
1222	2	-2
1224	2	-1
1225	2	2
1226	2	1
1227	2	3
1228	2	2
1229	2	1
1230	2	2
1231	2	-3
1232	2	-3
1234	2	-1
1235	2	1
1236	2	-2
1237	2	-2
1238	2	1
1239	2	1
1240	2	3
1241	2	3
1242	2	2
1243	2	2
1244	2	-1
1245	2	-2
1246	2	2
1247	2	1
1248	2	3
1249	2	2
1250	2	3
1251	2	-2.009
1252	2	1.9827
1253	2	-1.0199
1254	2	0.97772
1255	2	-0.029584
1256	2	-0.02819
1257	2	2.9779
1258	2	-1.0237
1259	2	-3.021
1260	2	1.9757
1261	2	-1.0193
1262	2	-0.01962
1263	2	-1.0255
1264	2	0.97191
1265	2	1.9792
1266	2	0.97635
1267	2	-0.035674
1268	2	2.9636
1269	2	-1.0324
1270	2	-3.0262
1271	2	-3.0266
1272	2	1.9713
1273	2	2.9763
1274	2	1.9717
1275	2	-2.0164
1276	2	0.99877
1277	2	-3
1278	2	3
1279	2	2
1280	2	-2
1281	2	-1
1282	2	3
1283	2	-2
1284	2	-2
1285	2	-3
1286	2	-2
1287	2	-3
1288	2	1
1289	2	-3
1291	2	2
1292	2	-3
1293	2	1
1295	2	-1
1296	2	1
1297	2	3
1298	2	-3
1299	2	-2
1300	2	3
1301	2	-3
1302	2	-3
1303	2	1
1304	2	-3
1305	2	-3
1306	2	-1
1308	2	-2
1309	2	-1
1310	2	3
1311	2	-1
1312	2	-0.00041574
1313	2	-2.0133
1314	2	-1.016
1315	2	1.9821
1316	2	2.9704
1317	2	-0.031965
1318	2	2.9748
1319	2	1.9649
1320	2	-3.0257
1321	2	-3.0213
1322	2	1.9797
1323	2	-0.020282
1324	2	-2.0237
1325	2	0.95981
1326	2	0.95688
1327	2	2.9768
1328	2	-1.0226
1329	2	-1.0322
1330	2	-1.047
1331	2	-3.0385
1332	2	-2.0297
1333	2	2.9711
1334	2	-2.0287
1335	2	-0.028497
1336	2	-3.0307
1337	2	1.9819
1338	2	2.9987
1339	2	-1
1340	2	-2
1341	2	3
1342	2	2
1343	2	2
1345	2	1
1346	2	1
1347	2	-1
1348	2	2
1349	2	-2
1350	2	-3
1353	2	-2
1354	2	-2
1355	2	-3
1358	2	-3
1359	2	-2
1360	2	-1
1361	2	-3
1362	2	1
1363	2	2
1364	2	-1
1365	2	2
1366	2	3
1368	2	3
1370	2	-2
1371	2	-2
1372	2	2
1373	2	3
1374	2	2.9979
1375	2	-1.0134
1376	2	2.9798
1377	2	-0.026187
1378	2	0.97193
1379	2	-0.029957
1380	2	-1.0486
1381	2	0.9489
1382	2	0.96448
1383	2	-2.0232
1384	2	-0.012779
1385	2	2.9821
1386	2	2.9729
1387	2	2.9595
1388	2	0.95575
1389	2	-1.0773
1390	2	-0.058946
1391	2	-3.0443
1392	2	-1.0462
1393	2	1.964
1394	2	0.96897
1395	2	-0.024307
1396	2	2.9763
1397	2	2.9736
1398	2	-0.028776
1399	2	-0.015321
1400	2	1.9991
1401	2	-3
1402	2	2
1403	2	2
1404	2	1
1405	2	-1
1406	2	1
1407	2	1
1408	2	-2
1409	2	-3
1410	2	-2
1411	2	3
1412	2	2
1413	2	-3
1415	2	-2
1417	2	1
1418	2	-3
1419	2	3
1421	2	-2
1422	2	3
1423	2	3
1424	2	1
1425	2	-1
1426	2	3
1427	2	3
1428	2	-3
1429	2	-3
1430	2	-2
1431	2	-1
1432	2	2
1433	2	-3
1434	2	-2
1435	2	2
1436	2	-3.0022
1437	2	2.9829
1438	2	-2.0241
1439	2	-0.025861
1440	2	-2.0257
1441	2	-0.042576
1442	2	2.9593
1443	2	-2.0366
1444	2	2.9746
1445	2	-0.025734
1446	2	0.97768
1447	2	-3.0196
1448	2	-0.0096283
1449	2	1.9778
1450	2	-0.052318
1451	2	2.9127
1452	2	-0.067582
1453	2	-3.0497
1454	2	-3.0277
1455	2	-0.028101
1456	2	-2.0245
1457	2	-0.024156
1458	2	0.9749
1459	2	-3.0263
1460	2	-3.0253
1461	2	-3.0088
1462	2	-3.0003
1463	2	-1
1465	2	2
1466	2	-2
1467	2	2
1468	2	-1
1469	2	-3
1470	2	2
1471	2	-2
1472	2	-3
1473	2	1
1474	2	2
1475	2	1
1476	2	-1
1478	2	-2
1480	2	-2
1481	2	1
1482	2	-1
1483	2	-2
1484	2	1
1485	2	-3
1486	2	-2
1487	2	-3
1488	2	-1
1489	2	3
1490	2	1
1491	2	-1
1492	2	1
1493	2	1
1494	2	-1
1495	2	-2
1496	2	3
1498	2	2.9973
1499	2	-0.015964
1500	2	2.9806
1501	2	1.9804
1502	2	-0.026971
1503	2	-3.033
1504	2	-2.0358
1505	2	-0.017031
1506	2	2.9872
1507	2	2.9875
1508	2	0.98564
1509	2	-0.015694
1510	2	1.9797
1511	2	-1.0194
1512	2	0.98372
1513	2	-1.0375
1514	2	-3.0596
1515	2	-0.030373
1516	2	-3.0287
1517	2	-0.022805
1518	2	2.9784
1519	2	-2.0208
1520	2	-3.0232
1521	2	-0.026036
1522	2	-1.0182
1523	2	2.9978
1524	2	0.99993
1525	2	2
1526	2	-3
1528	2	3
1529	2	1
1530	2	-1
1531	2	-1
1532	2	3
1533	2	2
1534	2	-1
1535	2	-1
1537	2	2
1538	2	-1
1539	2	1
1540	2	3
1541	2	2
1542	2	-1
1543	2	-2
1544	2	2
1547	2	-2
1548	2	-3
1549	2	-1
1550	2	3
1551	2	-3
1552	2	-2
1553	2	-1
1554	2	1
1555	2	-3
1556	2	-3
1557	2	-1
1558	2	3
1559	2	3
1560	2	1.9997
1561	2	0.98752
1562	2	0.98321
1563	2	-2.0212
1564	2	0.97895
1565	2	-2.0196
1566	2	2.9986
1567	2	-3.0005
1568	2	-1.0001
1569	2	2
1570	2	-3
1571	2	1.9981
1572	2	-0.0071621
1573	2	-1.0049
1574	2	0.99523
1575	2	-2.0113
1576	2	0.97849
1577	2	-1.0264
1578	2	-2.0226
1579	2	-1.0243
1580	2	2.9763
1581	2	0.97721
1582	2	1.9777
1583	2	2.9773
1584	2	-1.008
1585	2	-1.0007
1586	2	2
1587	2	-1
1588	2	2
1589	2	1
1590	2	3
1591	2	-1
1592	2	3
1593	2	-1
1594	2	-3
1595	2	-1
1596	2	2
1597	2	2
1598	2	-1
1599	2	3
1600	2	1
1601	2	-3
1602	2	1
1603	2	-1
1604	2	-2
1605	2	-3
1606	2	2
1607	2	3
1608	2	-3
1609	2	-2
1610	2	-3
1611	2	-1
1612	2	-1
1613	2	1
1615	2	3
1616	2	-2
1617	2	-3
1618	2	-2
1619	2	1
1620	2	1
1622	2	0.99974
1623	2	1.9887
1624	2	-1.0172
1625	2	-1.0177
1626	2	-0.015401
1627	2	1.9902
1628	2	2.9989
1629	2	-1
1630	2	-2
1631	2	-3
1632	2	-1
1633	2	-3
1634	2	-1
1635	2	-3.0006
1636	2	0.993
1637	2	2.9917
1638	2	2.9746
1639	2	-0.024954
1640	2	1.9772
1641	2	-1.0245
1642	2	-3.0208
1643	2	-2.0213
1644	2	-2.0214
1645	2	-0.014149
1646	2	-3.0012
1647	2	-1
1648	2	1
1649	2	2
1650	2	1
1651	2	2
1652	2	-3
1654	2	-3
1655	2	2
1656	2	-1
1657	2	1
1658	2	3
1659	2	-3
1661	2	-1
1662	2	2
1663	2	2
1664	2	1
1665	2	-1
1666	2	-2
1667	2	-3
1668	2	-2
1669	2	1
1670	2	1
1671	2	3
1673	2	3
1674	2	-2
1676	2	-3
1677	2	2
1678	2	-2
1680	2	2
1681	2	3
1682	2	1
1683	2	-2
1684	2	-3.0003
1685	2	-1.0085
1686	2	2.9848
1687	2	-2.0188
1688	2	-2.0191
1689	2	-3.0036
1690	2	2.9997
1693	2	-3
1695	2	2
1696	2	-3
1697	2	-1.0004
1698	2	-1.0067
1699	2	1.9904
1700	2	2.9755
1701	2	2.9675
1702	2	0.96692
1703	2	1.9732
1704	2	-1.0225
1705	2	-1.0199
1706	2	-2.0103
1707	2	2.9989
1708	2	-3.0003
1709	2	1
1710	2	-1
1711	2	1
1712	2	-3
1713	2	-3
1715	2	3
1716	2	1
1717	2	2
1718	2	-3
1719	2	1
1720	2	-1
1721	2	-3
1722	2	-3.0005
1723	2	-3.0033
1724	2	-1.0025
1725	2	3
1726	2	3
1727	2	1
1728	2	-1
1729	2	-3
1730	2	2
1731	2	1
1732	2	-3
1733	2	2
1734	2	2
1735	2	-3
1737	2	3
1738	2	-1
1739	2	1
1740	2	-2
1742	2	-3
1743	2	-3
1745	2	-1
1746	2	-3.0001
1747	2	0.99311
1748	2	-1.0144
1749	2	1.9787
1750	2	-2.0146
1751	2	-3.0009
1752	2	2
1753	2	-1
1755	2	-2
1756	2	-1
1757	2	2
1758	2	3
1759	2	-2.0002
1760	2	0.9944
1761	2	-2.0108
1762	2	-0.025904
1763	2	-3.0352
1764	2	-1.0376
1765	2	2.9698
1766	2	-1.0107
1767	2	2.9993
1768	2	0.99923
1769	2	0.99983
1771	2	-1
1773	2	3
1774	2	1
1775	2	-3
1776	2	-1
1777	2	2
1778	2	-2
1780	2	-1
1781	2	-3
1782	2	1
1783	2	0.99968
1784	2	2.9944
1785	2	1.9914
1786	2	-1.0025
1787	2	1
1788	2	-3
1789	2	-3
1790	2	-1
1791	2	3
1792	2	-2
1793	2	-1
1794	2	3
1795	2	3
1796	2	2
1797	2	3
1798	2	-1
1799	2	3
1800	2	-2
1801	2	2
1803	2	-3
1804	2	1
1805	2	2
1806	2	3
1807	2	-3
1808	2	-2.0001
1809	2	1.9933
1810	2	0.98422
1811	2	-0.015614
1812	2	-2.0015
1813	2	2.9996
1814	2	3
1815	2	-1
1816	2	-3
1817	2	3
1818	2	-1
1819	2	-2
1820	2	-1
1821	2	3
1822	2	2.9978
1823	2	-3.0072
1824	2	2.9799
1825	2	0.97464
1826	2	1.9827
1827	2	2.999
1828	2	-3.0006
1829	2	2.9997
1830	2	-2
1831	2	-2
1832	2	-3
1834	2	-2
1835	2	2
1836	2	-3
1837	2	2
1839	2	-3
1841	2	-2
1842	2	1
1844	2	0.99989
1845	2	-2.0064
1846	2	2.9919
1847	2	0.99486
1848	2	2.9988
1849	2	-1
1850	2	2
1852	2	2
1853	2	-3
1854	2	3
1855	2	-3
1856	2	-2
1858	2	2
1859	2	-1
1860	2	-1
1861	2	-2
1862	2	3
1863	2	-2
1864	2	-1
1865	2	-3
1866	2	-2
1868	2	-2
1869	2	1
1870	2	1.9999
1871	2	-1.0054
1872	2	1.991
1873	2	1.9949
1874	2	2.9989
1875	2	-3
1876	2	1
1878	2	3
1879	2	1
1881	2	-1
1882	2	-1
1883	2	-1
1884	2	-3.0002
1885	2	-0.0081543
1886	2	1.991
1887	2	-0.001748
1888	2	-1.001
1889	2	-1.0006
1890	2	1
1891	2	3
1892	2	2
1893	2	-3
1894	2	-3
1895	2	-3
1896	2	-2
1897	2	-3
1898	2	-2
1899	2	3
1900	2	-2
1902	2	2
1905	2	2
1906	2	2.9986
1907	2	-1.0063
1908	2	0.99581
1909	2	-3.0037
1910	2	2.9991
1911	2	3
1912	2	3
1913	2	-1
1914	2	-1
1915	2	1
1916	2	1
1917	2	2
1918	2	3
1919	2	3
1920	2	3
1921	2	-3
1922	2	-3
1923	2	-1
1924	2	-3
1925	2	-1
1926	2	2
1927	2	3
1928	2	-1
1929	2	3
1930	2	1
1931	2	-1
1932	2	1.9996
1933	2	2.9824
1934	2	-1.0225
1935	2	-0.012595
1936	2	0.99847
1937	2	-1
1938	2	1
1939	2	1
1940	2	2
1941	2	1
1942	2	-2
1945	2	-1
1946	2	2.9987
1947	2	-1.0098
1948	2	-0.0084613
1949	2	-2.0043
1950	2	-0.0003685
1951	2	-2
1953	2	2
1954	2	-1
1955	2	1
1956	2	2
1957	2	3
1958	2	2
1959	2	-2
1960	2	1
1961	2	1
1962	2	-3
1963	2	1
1964	2	3
1965	2	-3
1966	2	-2
1967	2	3
1968	2	-2.0015
1969	2	-1.0049
1970	2	0.99577
1971	2	-2.004
1972	2	-0.00095432
1974	2	-1
1976	2	-2
1977	2	-3
1978	2	3
1979	2	-3
1980	2	-1
1981	2	2
1982	2	-3
1984	2	3
1985	2	3
1987	2	-2
1988	2	-2
1989	2	1
1990	2	-3
1991	2	-2
1992	2	1
1993	2	-1
1994	2	-2.0047
1995	2	-1.019
1996	2	-0.020121
1997	2	-2.0204
1998	2	-3.01
1999	2	-3.0019
2001	2	3
2002	2	3
2003	2	-1
2005	2	-1
2007	2	-3
2008	2	-2.0009
2009	2	-1.0051
2010	2	1.9901
2011	2	-2.0106
2012	2	-1.002
2013	2	3
2014	2	-2
2015	2	2
2016	2	-1.0003
2017	2	-0.00023149
2018	2	1
2019	2	1
2021	2	-3
2022	2	-1
2023	2	2
2024	2	3
2025	2	1
2026	2	2
2027	2	-1
2028	2	2
2029	2	3
2030	2	0.9986
2031	2	-1.0047
2032	2	-2.0047
2033	2	2.9952
2034	2	0.99857
2035	2	2
2036	2	3
2038	2	-2
2040	2	-3
2041	2	-2
2043	2	-1
2044	2	2
2045	2	2
2048	2	1
2051	2	-1
2052	2	2
2053	2	2
2054	2	-2
2055	2	-2
2056	2	-2.0069
2057	2	-2.0165
2058	2	-0.020825
2059	2	-0.021657
2060	2	-1.0197
2061	2	1.9904
2062	2	-3.0025
2063	2	-1.0002
2064	2	3
2065	2	3
2066	2	-2
2067	2	-2
2068	2	3
2069	2	1
2070	2	-2
2071	2	-3.0035
2072	2	0.98686
2073	2	0.98929
2074	2	-3.0006
2075	2	-2
2076	2	2
2077	2	-3.0009
2078	2	-2.0123
2079	2	2.9889
2080	2	-3.0027
2081	2	2
2082	2	2
2083	2	-3
2084	2	2
2085	2	-3
2086	2	-3
2087	2	2
2088	2	2
2089	2	3
2090	2	3
2091	2	2
2092	2	2.9988
2093	2	-3.0049
2094	2	0.99373
2095	2	-1.0071
2096	2	-0.0019134
2097	2	3
2098	2	3
2099	2	-2
2100	2	-3
2101	2	-2
2102	2	1
2105	2	2
2106	2	-1
2107	2	2
2108	2	2
2109	2	-1
2110	2	2
2111	2	-3
2112	2	2
2114	2	-3
2115	2	1
2116	2	-2
2117	2	3
2118	2	1.9956
2119	2	-2.0165
2120	2	-2.0181
2121	2	-0.019521
2122	2	-1.0209
2123	2	0.98436
2124	2	-3.0137
2125	2	1.9907
2126	2	-1.0078
2127	2	-2.0034
2128	2	-2.0009
2129	2	2.9978
2130	2	-2.0048
2131	2	2.996
2132	2	-2.0003
2133	2	-0.00017008
2134	2	2.999
2135	2	-3.0011
2136	2	1.9998
2137	2	1
2138	2	2
2139	2	-2.0013
2140	2	-1.0217
2141	2	0.97559
2142	2	-1.0116
2143	2	-2.0017
2144	2	3
2145	2	1
2146	2	1
2147	2	-3
2148	2	1
2149	2	-3
2150	2	2
2151	2	3
2152	2	1
2153	2	2
2154	2	0.99975
2155	2	2.9978
2156	2	-3.0089
2157	2	2.9902
2158	2	-0.0025181
2159	2	-1
2160	2	3
2161	2	-3
2162	2	-2
2164	2	3
2165	2	2
2166	2	3
2167	2	-1
2168	2	-3
2169	2	-3
2172	2	2
2173	2	2
2174	2	2
2175	2	2
2176	2	-1
2177	2	1
2178	2	2
2179	2	-2
2180	2	0.99798
2181	2	2.9857
2182	2	-0.017589
2183	2	-2.0169
2184	2	2.9791
2185	2	-2.0203
2186	2	2.9829
2187	2	1.9821
2188	2	-0.018052
2189	2	-2.0196
2190	2	-3.026
2191	2	-3.0325
2192	2	1.9696
2193	2	-1.0147
2194	2	-1.001
2195	2	-1
2196	2	2
2197	2	1
2198	2	-2.0006
2199	2	-3.001
2200	2	-2.0003
2201	2	-3.0084
2202	2	-2.0261
2203	2	-2.0253
2204	2	-1.0185
2205	2	0.99377
2206	2	1.9997
2208	2	1
2209	2	-1
2210	2	-1
2211	2	-1
2212	2	-1
2213	2	-1
2215	2	-2
2216	2	3
2217	2	1.9996
2218	2	2.995
2219	2	1.9936
2220	2	-2.0025
2221	2	1
2223	2	2
2224	2	3
2225	2	-1
2226	2	2
2227	2	1
2228	2	1
2229	2	-2
2230	2	-3
2231	2	-1
2232	2	-3
2233	2	-1
2234	2	3
2235	2	-2
2236	2	-2
2237	2	2
2238	2	-2
2239	2	2
2240	2	2
2241	2	2
2242	2	2.9989
2243	2	2.9855
2244	2	-3.017
2245	2	-0.019209
2246	2	1.9718
2247	2	-3.0236
2248	2	-2.018
2249	2	-0.020518
2250	2	-0.023154
2251	2	2.9781
2252	2	-2.0274
2253	2	-3.0276
2254	2	-2.0262
2255	2	-2.0181
2256	2	-3.0052
2257	2	0.99982
2258	2	-6.6141e-05
2259	2	0.99873
2260	2	-0.028488
2261	2	-2.0332
2262	2	-0.014749
2263	2	2.9685
2264	2	1.9689
2265	2	-0.024822
2266	2	2.9773
2267	2	2.9865
2268	2	-0.0016299
2269	2	-1
2270	2	-1
2271	2	-2
2272	2	-2
2273	2	-1
2274	2	-2
2275	2	3
2277	2	1
2278	2	-2
2280	2	-2.001
2281	2	-1.0009
2282	2	0.99962
2283	2	2
2284	2	3
2285	2	-2
2287	2	-1
2288	2	-1
2289	2	2
2290	2	3
2291	2	-1
2293	2	2
2294	2	1
2295	2	-2
2296	2	1
2297	2	-1
2298	2	-3
2299	2	2
2300	2	1
2302	2	1
2304	2	-2.0027
2305	2	2.9828
2306	2	-3.0196
2307	2	0.98367
2308	2	2.9806
2309	2	-2.0413
2310	2	-0.042387
2311	2	-1.0438
2312	2	2.9477
2313	2	-0.04534
2314	2	0.96013
2315	2	-1.0438
2316	2	-1.0348
2317	2	2.9688
2318	2	1.9916
2319	2	1.9917
2320	2	-0.0066992
2321	2	-0.022049
2322	2	1.9607
2323	2	0.97123
2324	2	-2.0244
2325	2	-1.027
2326	2	-0.034762
2327	2	2.9643
2328	2	0.97623
2329	2	0.9811
2330	2	2.9949
2331	2	2.9999
2332	2	-1
2333	2	2
2335	2	1
2336	2	-3
2337	2	1
2338	2	-2
2339	2	-2
2340	2	-2
2341	2	3
2342	2	2
2343	2	0.99999
2344	2	2.9999
2345	2	1
2346	2	-2
2350	2	3
2351	2	1
2352	2	-2
2353	2	3
2354	2	1
2355	2	2
2356	2	1
2357	2	1
2358	2	2
2359	2	-2
2360	2	-2
2361	2	1
2362	2	-2
2363	2	1
2364	2	2
2365	2	-3
2366	2	-1.0025
2367	2	-2.0158
2368	2	-2.0177
2369	2	0.98339
2370	2	1.9779
2371	2	-1.0368
2372	2	0.95771
2373	2	-2.0554
2374	2	-2.0618
2375	2	-3.0455
2376	2	-2.04
2377	2	1.954
2378	2	-3.0495
2379	2	-3.0417
2380	2	-0.018846
2381	2	-3.0261
2382	2	-2.023
2383	2	2.9629
2384	2	-0.034894
2385	2	2.9749
2386	2	2.9777
2387	2	-3.0247
2388	2	-3.0271
2389	2	-3.0219
2390	2	2.9757
2391	2	-1.0232
2392	2	-0.010564
2393	2	-0.00029764
2394	2	-2
2396	2	1
2398	2	-1
2399	2	-2
2400	2	3
2401	2	3
2402	2	-1
2403	2	3
2404	2	3
2405	2	2
2406	2	1
2407	2	2
2408	2	-3
2409	2	1
2410	2	3
2411	2	-2
2412	2	-3
2413	2	-2
2414	2	-1
2416	2	-1
2417	2	1
2419	2	2
2420	2	-2
2421	2	2
2422	2	2
2423	2	-2
2424	2	2
2425	2	1
2426	2	2
2427	2	2
2428	2	2.9983
2429	2	1.9874
2430	2	2.9836
2431	2	-1.0177
2432	2	1.9817
2433	2	2.9815
2434	2	-2.0169
2435	2	-1.0164
2436	2	2.9775
2437	2	0.97879
2438	2	-3.0227
2439	2	2.9668
2440	2	-3.0395
2441	2	2.9669
2442	2	-1.0222
2443	2	1.9737
2444	2	2.9643
2445	2	-0.036482
2446	2	-3.0232
2447	2	-0.024359
2448	2	0.97753
2449	2	0.97444
2450	2	0.9643
2451	2	0.97319
2452	2	-1.0225
2453	2	-3.0256
2454	2	-3.0095
2455	2	2.9999
2456	2	-2
2457	2	-3
2458	2	2
2459	2	-1
2460	2	2
2461	2	2
2462	2	-3
2463	2	2
2464	2	3
2465	2	3
2466	2	3
2467	2	3
2468	2	2
2469	2	3
2471	2	3
2472	2	-2
2473	2	2
2474	2	-1
2475	2	1
2476	2	3
2477	2	-3
2478	2	-1
2479	2	-3
2481	2	1
2482	2	-2
2483	2	-3
2484	2	3
2485	2	3
2486	2	2
2487	2	-3
2488	2	-3
2489	2	2
2490	2	-2.0004
2491	2	2.9909
2492	2	2.9846
2493	2	-3.0182
2494	2	2.9822
2495	2	-1.0172
2496	2	-3.0244
2497	2	1.9753
2498	2	-3.018
2499	2	-0.018227
2500	2	1.9731
2501	2	2.9693
2502	2	2.9761
2503	2	-1.0296
2504	2	2.9747
2505	2	0.97971
2506	2	0.97301
2507	2	0.96426
2508	2	-3.0306
2509	2	0.97876
2510	2	2.9796
2511	2	2.9724
2512	2	-1.0297
2513	2	-1.0222
2514	2	-3.0251
2515	2	1.9773
2516	2	-1.0044
2517	2	-3
2518	2	2
2519	2	1
2521	2	2
2522	2	3
2523	2	3
2524	2	-1
2525	2	-2
2526	2	-3
2528	2	2
2529	2	1
2530	2	-1
2531	2	-1
2532	2	-2
2533	2	-1
2534	2	-2
2535	2	-1
2536	2	-2
2538	2	-3
2539	2	-2
2542	2	-3
2543	2	-2
2544	2	1
2545	2	1
2546	2	-2
2547	2	-1
2548	2	1
2550	2	2
2551	2	-3
2552	2	3
2553	2	-2.0047
2554	2	1.9846
2555	2	2.9831
2556	2	-0.015061
2557	2	-0.018959
2558	2	0.96747
2559	2	2.9756
2560	2	-2.0179
2561	2	2.9787
2562	2	-2.0205
2563	2	1.9819
2564	2	-1.0233
2565	2	-2.0205
2566	2	-2.0185
2567	2	2.9821
2568	2	-3.0247
2569	2	1.9731
2570	2	-1.0236
2571	2	0.97658
2572	2	0.97738
2573	2	-3.0228
2574	2	-0.025049
2575	2	-2.0257
2576	2	-3.0254
2577	2	-0.013252
2578	2	-1.0013
2579	2	-3
2580	2	-3
2581	2	-1
2582	2	2
2583	2	2
2584	2	-1
2585	2	1
2587	2	-2
2588	2	2
2589	2	-1
2590	2	3
2591	2	1
2592	2	-1
2593	2	-1
2594	2	-2
2595	2	1
2596	2	1
2597	2	1
2598	2	3
2599	2	2
2600	2	-2
2601	2	1
2602	2	1
2603	2	2
2605	2	3
2606	2	1
2607	2	-3
2608	2	3
2609	2	-3
2610	2	-2
2611	2	1
2612	2	-2
2613	2	1
2615	2	1.9997
2616	2	-2.0084
2617	2	-2.014
2618	2	2.9829
2619	2	-2.0181
2620	2	-2.0173
2621	2	-0.018959
2622	2	0.96465
2623	2	-1.0291
2624	2	-0.02031
2625	2	-2.0196
2626	2	-0.018609
2627	2	-1.0211
2628	2	-0.021468
2629	2	-0.027378
2630	2	2.9678
2631	2	2.9761
2632	2	1.9782
2633	2	-3.0241
2634	2	1.9778
2635	2	-1.0248
2636	2	-0.024
2637	2	-3.0254
2638	2	-0.023192
2639	2	-1.0058
2640	2	0.99974
2641	2	-1
2642	2	1
2643	2	2
2644	2	2
2646	2	1
2647	2	-1
2648	2	-3
2649	2	-3
2650	2	1
2652	2	-3
2654	2	-1
2655	2	-3
2656	2	1
2658	2	-1
2659	2	2
2660	2	-2
2661	2	2
2663	2	-1
2664	2	1
2665	2	3
2666	2	3
2667	2	3
2669	2	1
2670	2	2
2671	2	-2
2672	2	1
2674	2	-2
2676	2	1
2677	2	1
2678	2	0.99949
2679	2	2.9891
2680	2	0.98049
2681	2	-3.02
2682	2	-1.0184
2683	2	-0.020513
2684	2	-2.0273
2685	2	-2.0201
2686	2	0.9777
2687	2	-0.021869
2688	2	-1.0198
2689	2	-0.020183
2690	2	-3.0193
2691	2	-1.0305
2692	2	-0.031762
2693	2	-0.025559
2694	2	-1.0235
2695	2	-0.032102
2696	2	-1.0359
2697	2	-2.0244
2698	2	2.9756
2699	2	-1.0233
2700	2	0.99094
2701	2	0.99903
2702	2	1
2703	2	1
2704	2	1
2705	2	2
2706	2	-1
2707	2	-2
2708	2	-3
2709	2	-1
2710	2	3
2711	2	3
2712	2	2
2714	2	1
2715	2	1
2716	2	2
2717	2	-3
2718	2	-2
2719	2	1
2720	2	-1
2721	2	1
2722	2	2
2723	2	-2
2724	2	3
2725	2	3
2727	2	-1
2728	2	-2
2729	2	2
2730	2	2
2731	2	1
2732	2	-2
2733	2	-1
2734	2	-3
2735	2	-2
2736	2	-1
2737	2	3
2738	2	1
2739	2	-1
2740	2	2
2741	2	-2.0021
2742	2	2.9886
2743	2	-1.0167
2744	2	0.98024
2745	2	1.9757
2746	2	-3.0316
2747	2	2.9735
2748	2	2.9766
2749	2	0.98142
2750	2	-1.0207
2751	2	1.9774
2752	2	2.9724
2753	2	-0.022318
2754	2	-2.0258
2755	2	-0.025417
2756	2	-3.0263
2757	2	2.968
2758	2	-0.025767
2759	2	-2.027
2760	2	-1.0223
2761	2	2.9899
2762	2	0.99891
2763	2	2
2764	2	-3
2765	2	-2
2766	2	2
2767	2	2
2768	2	-1
2769	2	1
2770	2	1
2771	2	-2
2772	2	-3
2773	2	-3
2774	2	-3
2775	2	2
2776	2	-3
2777	2	-1
2778	2	2
2779	2	-1
2781	2	-2
2782	2	1
2784	2	2
2785	2	-3
2786	2	3
2787	2	-1
2788	2	2
2790	2	2
2793	2	-3
2794	2	1
2795	2	-2
2796	2	1
2798	2	-2
2799	2	2
2800	2	-3
2801	2	-2
2803	2	1
2804	2	-3.0008
2805	2	-3.0081
2806	2	-3.0159
2807	2	-1.0405
2808	2	-1.0569
2809	2	-2.0357
2810	2	0.98224
2811	2	1.9761
2812	2	2.9773
2813	2	-0.021571
2814	2	2.9807
2815	2	-3.0203
2816	2	0.97427
2817	2	1.9719
2818	2	-1.0228
2819	2	0.97965
2820	2	-3.024
2821	2	0.97937
2822	2	-1.0034
2823	2	-3.0011
2824	2	0.99991
2826	2	-2
2827	2	-1
2830	2	1
2831	2	-2
2832	2	3
2833	2	3
2834	2	-2
2837	2	-3
2838	2	-1
2839	2	-1
2840	2	-2
2841	2	2
2842	2	1
2844	2	2
2845	2	-3
2846	2	3
2847	2	-3
2848	2	-2
2850	2	-3
2851	2	-2
2852	2	3
2854	2	3
2856	2	2
2857	2	-2
2858	2	-3
2859	2	1
2860	2	-3
2861	2	-2
2862	2	-3
2863	2	-1
2864	2	3
2866	2	-2
2867	2	-1.0004
2868	2	-0.0065007
2869	2	1.9693
2870	2	-2.0417
2871	2	0.96996
2872	2	2.9779
2873	2	-3.0201
2874	2	-0.019909
2875	2	-0.017858
2876	2	2.9821
2877	2	-2.0216
2878	2	-2.0227
2879	2	2.9784
2880	2	1.9775
2881	2	-2.0217
2882	2	2.9929
2883	2	-3.0008
2884	2	-1.001
2885	2	1
2886	2	-3
2887	2	3
2888	2	3
2890	2	-2
2891	2	1
2892	2	3
2893	2	1
2894	2	-3
2895	2	3
2896	2	-1
2897	2	-2
2898	2	-1
2899	2	-2
2900	2	-2
2901	2	-1
2902	2	-2
2903	2	2
2904	2	1
2905	2	-1
2906	2	3
2907	2	3
2909	2	-3
2910	2	1
2911	2	2
2912	2	3
2913	2	1
2914	2	-1
2915	2	-3
2916	2	3
2918	2	-1
2919	2	1
2920	2	3
2922	2	1
2923	2	3
2924	2	-3
2925	2	-2
2927	2	2
2929	2	-2
2930	2	3
2931	2	-3.0015
2932	2	-1.0071
2933	2	2.9848
2934	2	1.9819
2935	2	0.97898
2936	2	-0.019252
2937	2	-3.0206
2938	2	-2.02
2939	2	-0.01902
2940	2	-0.019077
2941	2	0.98423
2942	2	-0.0068787
2943	2	-1.0006
2944	2	-0.00086456
2945	2	-2
2946	2	-2
2947	2	-2
2948	2	1
2950	2	-3
2951	2	-1
2952	2	3
2953	2	-3
2954	2	3
2955	2	2
2956	2	-2
2957	2	3
2958	2	-3
2959	2	1
2960	2	1
2961	2	1
2962	2	3
2963	2	-3
2964	2	1
2966	2	-1
2967	2	-2
2968	2	3
2969	2	3
2970	2	3
2971	2	2
2972	2	-1
2973	2	1
2974	2	1
2975	2	-3
2978	2	3
2979	2	-3
2980	2	1
2981	2	-2
2982	2	-2
2983	2	-3
2984	2	2
2985	2	-2
2986	2	2
2987	2	1
2988	2	-3
2989	2	3
2990	2	-1
2991	2	-1
2992	2	3
2994	2	3
2995	2	-2.0006
2996	2	1.9985
2997	2	1.9967
2998	2	1.9945
2999	2	-1.0078
3000	2	2.9934
3001	2	-0.0015779
3002	2	-0.00028346
3003	2	-1.0003
3004	2	1.9996
3005	2	-3.0001
3006	2	-2
3007	2	3
3008	2	-3
3009	2	2
3011	2	-3
3012	2	-3
3013	2	3
3014	2	-2
3015	2	-1
3016	2	-2
3017	2	1
3019	2	-3
3020	2	-3
3021	2	-1
3022	2	3
3023	2	-1
3024	2	1
3025	2	2
3026	2	3
3027	2	2
3028	2	1
3029	2	1
3030	2	2
3031	2	3
3032	2	3
3034	2	-1
3035	2	3
3036	2	3
3037	2	-3
3038	2	-1
3039	2	-3
3040	2	-1
3041	2	1
3042	2	-2
3043	2	-1
3044	2	-3
3045	2	1
3046	2	-1
3047	2	-3
3048	2	2
3049	2	2
3050	2	-2
3051	2	-1
3052	2	-2
3053	2	-3
3055	2	1
3056	2	3
3057	2	3
3058	2	-2
3059	2	-3
3060	2	-1
3061	2	2
3062	2	0.99986
3063	2	-2.0001
3064	2	-2
3065	2	3
3066	2	-2
3067	2	-3
3068	2	1
3069	2	-1
3070	2	1
3071	2	-3
3072	2	3
3073	2	-2
3074	2	1
3075	2	-2
3076	2	3
3077	2	-1
3078	2	3
3079	2	-2
3080	2	2
3081	2	1
3082	2	1
3083	2	-1
3084	2	1
3085	2	3
3086	2	1
3087	2	-1
3088	2	2
3089	2	-1
3091	2	2
3093	2	2
3094	2	-2
3095	2	-2
3096	2	2
3097	2	-1
3099	2	1
3100	2	-1
3101	2	-2
3102	2	-3
3103	2	-3
3105	2	-1
3106	2	-2
3107	2	1
3108	2	1
3109	2	1
3110	2	-3
3111	2	-2
3112	2	1
3113	2	2
3114	2	3
3116	2	-2
3117	2	2
3118	2	1
3119	2	3
3121	2	-1
3122	2	2
3123	2	-1
3124	2	3
3125	2	-1
3126	2	-3
3127	2	-3
3129	2	-3
3130	2	3
3131	2	2
3133	2	-2
3134	2	2
3135	2	-3
3137	2	1
3138	2	-1
3139	2	-1
3140	2	3
3141	2	1
3142	2	2
3143	2	1
3144	2	-3
3145	2	-3
3147	2	1
3148	2	1
3149	2	-1
3151	2	-2
3152	2	-3
3153	2	1
3154	2	-1
3155	2	-1
3156	2	-3
3157	2	3
3158	2	-1
3159	2	2
3160	2	2
3161	2	3
3162	2	2
3164	2	-2
3165	2	3
3166	2	2
3167	2	-3
3168	2	-3
3169	2	1
3170	2	-2
3171	2	-3
3172	2	1
3173	2	-3
3174	2	-3
3175	2	-1
3176	2	-3
3178	2	-3
3179	2	2
3180	2	1
3184	2	-1
3185	2	-3
3186	2	3
3187	2	3
3188	2	3
3189	2	2
3190	2	-1
3191	2	-1
3194	2	1
3195	2	-2
3196	2	1
3197	2	-1
3198	2	-2
3199	2	3
3200	2	1
3201	2	-1
3202	2	-3
3203	2	-1
3204	2	-3
3205	2	-1
3206	2	2
3207	2	2
3208	2	-3
3209	2	3
3210	2	1
3211	2	-3
3212	2	2
3213	2	2
3214	2	2
3215	2	1
3217	2	2
3218	2	3
3219	2	-3
3220	2	-2
3221	2	2
3222	2	-3
3223	2	1
3224	2	2
3225	2	-1
3226	2	2
3227	2	-1
3228	2	3
3231	2	-3
3232	2	-2
3233	2	2
3234	2	-3
3236	2	1
3238	2	-3
3239	2	1
3240	2	-2
3241	2	-2
3242	2	-3
3244	2	1
3245	2	-3
3246	2	-2
3247	2	-1
3248	2	-2
3249	2	3
3250	2	3
3252	2	-3
3254	2	2
3255	2	1
3256	2	1
3258	2	1
3259	2	-1
3260	2	-3
3262	2	-2
3263	2	3
3264	2	2
3265	2	1
3266	2	-1
3267	2	3
3269	2	2
3270	2	-1
3271	2	-1
3272	2	2
3273	2	2
3274	2	-1
3275	2	2
3277	2	-1
3278	2	-1
3279	2	3
3280	2	2
3281	2	2
3283	2	-1
3284	2	3
3285	2	-2
3286	2	-3
3287	2	-3
3288	2	2
3289	2	3
3292	2	1
3293	2	-2
3294	2	-3
3296	2	-1
3297	2	-2
3298	2	2
3299	2	3
3300	2	-3
3301	2	2
3302	2	-2
3303	2	-3
3304	2	-1
3305	2	-3
3308	2	1
3309	2	3
3310	2	-3
3311	2	1
3312	2	3
3313	2	3
3315	2	-1
3316	2	3
3318	2	-1
3319	2	-1
3320	2	-3
3322	2	-3
3323	2	-1
3324	2	-2
3325	2	-3
3326	2	2
3327	2	1
3328	2	-1
3330	2	1
3331	2	-3
3332	2	-2
3333	2	2
3334	2	3
3335	2	-3
3337	2	2
3338	2	3
3339	2	2
3340	2	3
3341	2	1
3342	2	-3
3343	2	-3
3344	2	3
3346	2	3
3347	2	3
3348	2	3
3349	2	2
3350	2	3
3351	2	1
3352	2	1
3353	2	-3
3354	2	-3
3355	2	-3
3356	2	-1
3357	2	3
3358	2	-1
3359	2	3
3360	2	-3
3361	2	-3
3363	2	3
3364	2	-3
3365	2	-2
3366	2	-1
3368	2	-3
3369	2	-1
3370	2	-2
3371	2	3
3373	2	3
3374	2	-3
3376	2	-2
3379	2	-1
3380	2	3
3381	2	2
3382	2	1
3383	2	3
3384	2	2
3386	2	1
3387	2	2
3388	2	3
3389	2	3
3390	2	-2
3391	2	-1
3392	2	-1
3393	2	-2
3394	2	-2
3395	2	-2
3396	2	2
3397	2	3
3398	2	2
3399	2	-2
3400	2	2
3401	2	-2
3403	2	2
3404	2	-3
3405	2	1
3406	2	1
3407	2	2
3408	2	-2
3410	2	3
3411	2	3
3412	2	1
3413	2	2
3414	2	-1
3415	2	-2
3417	2	2
3419	2	3
3420	2	2
3421	2	-1
3422	2	-2
3423	2	2
3424	2	3
3425	2	-3
3426	2	2
3427	2	-3
3428	2	1
3429	2	2
3430	2	-2
3431	2	-3
3432	2	2
3433	2	-3
3434	2	2
3435	2	-1
3436	2	-1
3437	2	-2
3438	2	3
3439	2	-3
3441	2	2
3442	2	-2
3444	2	3
3445	2	3
3446	2	-3
3448	2	-3
3449	2	2
3450	2	1
3451	2	-1
3452	2	-1
3453	2	-3
3454	2	1
3455	2	3
3456	2	2
3457	2	1
3458	2	3
3459	2	-1
3460	2	-3
3462	2	-2
3463	2	-2
3464	2	-3
3465	2	2
3466	2	2
3467	2	-3
3468	2	-3
3469	2	-3
3470	2	-3
3471	2	1
3474	2	1
3475	2	2
3476	2	-3
3477	2	2
3478	2	2
3479	2	-1
3480	2	1
3481	2	3
3482	2	3
3483	2	-2
3484	2	-2
3485	2	-1
3486	2	-2
3487	2	-3
3488	2	-2
3489	2	-2
3490	2	3
3491	2	1
3492	2	-3
3493	2	2
3494	2	2
3495	2	2
3497	2	-1
3498	2	-1
3499	2	-3
3500	2	-2
3501	2	-3
3502	2	2
3503	2	-3
3504	2	1
3505	2	-2
3507	2	3
3508	2	1
3509	2	-1
3510	2	-3
3511	2	-1
3513	2	-2
3514	2	-3
3516	2	3
3517	2	-1
3518	2	2
3519	2	-2
3520	2	1
3521	2	2
3522	2	-1
3523	2	-1
3524	2	-1
3525	2	1
3526	2	-3
3527	2	-3
3528	2	-2
3531	2	1
3532	2	-1
3533	2	-1
3534	2	-3
3535	2	3
3536	2	-3
3537	2	3
3538	2	-2
3539	2	-3
3540	2	2
3541	2	2
3542	2	3
3543	2	1
3545	2	-1
3548	2	1
3549	2	2
3550	2	3
3551	2	2
3552	2	-2
3553	2	2
3555	2	-3
3556	2	2
3557	2	2
3558	2	-2
3560	2	3
3561	2	-3
3563	2	-2
3564	2	-3
3566	2	-3
3567	2	-2
3569	2	-1
3570	2	1
3571	2	-2
3572	2	3
3574	2	2
3575	2	-2
3576	2	-1
3577	2	1
3578	2	-3
3579	2	1
3580	2	-2
3581	2	-2
3582	2	2
3583	2	-3
3584	2	1
3585	2	1
3586	2	3
3587	2	-1
3588	2	3
3589	2	-1
3590	2	3
3591	2	1
3592	2	3
3593	2	-3
3594	2	-2
3595	2	-3
3596	2	-2
3597	2	3
3598	2	1
3599	2	2
3601	2	-2
3602	2	2
3603	2	-2
3604	2	3
3605	2	2
3606	2	2
3607	2	2
3609	2	3
3610	2	-2
3611	2	-3
3612	2	-1
3613	2	-3
3614	2	1
3615	2	-1
3616	2	1
3617	2	1
3618	2	2
3621	2	-1
3622	2	-3
3624	2	-2
3625	2	2
3626	2	2
3627	2	-2
3628	2	-3
3629	2	2
3630	2	3
3631	2	1
3632	2	-1
3633	2	3
3634	2	3
3636	2	-2
3637	2	1
3638	2	-2
3639	2	-1
3640	2	-2
3641	2	-2
3642	2	-2
3644	2	-1
3645	2	3
3646	2	-1
3647	2	-1
3649	2	2
3650	2	3
3651	2	-1
3652	2	-1
3653	2	1
3655	2	-2
3656	2	3
3658	2	2
3659	2	-1
3660	2	2
3661	2	1
3662	2	-1
3663	2	-3
3664	2	1
3666	2	3
3667	2	-1
3668	2	1
3670	2	-2
3672	2	1
3674	2	-3
3675	2	3
3676	2	-2
3677	2	-3
3679	2	-2
3680	2	-3
3682	2	1
3683	2	-1
3685	2	-3
3687	2	-3
3688	2	-2
3689	2	-2
3690	2	-3
3691	2	3
3692	2	-3
3694	2	1
3695	2	-1
3697	2	2
3698	2	2
3699	2	-1
3700	2	-2
3701	2	-1
3702	2	-2
3703	2	2
3704	2	-3
3705	2	-3
3706	2	3
3707	2	1
3708	2	3
3709	2	-1
3710	2	-1
3711	2	-1
3712	2	-3
3713	2	1
3714	2	3
3716	2	1
3717	2	3
3718	2	1
3719	2	3
3720	2	3
3721	2	-1
3722	2	3
3723	2	2
3725	2	2
3726	2	1
3727	2	3
3729	2	1
3730	2	-3
3731	2	2
3732	2	-2
3735	2	-1
3736	2	1
3737	2	3
3739	2	-2
3740	2	-3
3741	2	2
3742	2	-3
3743	2	-2
3745	2	-3
3747	2	-3
3748	2	3
3750	2	1
3752	2	3
3754	2	2
3755	2	3
3756	2	-3
3758	2	-2
3759	2	3
3760	2	-3
3761	2	1
3762	2	-1
3763	2	-2
3765	2	-3
3766	2	-3
3767	2	3
3768	2	-1
3769	2	-2
3770	2	-3
3771	2	3
3772	2	3
3773	2	-1
3774	2	-3
3775	2	3
3776	2	-1
3777	2	-2
3778	2	1
3779	2	-3
3780	2	-3
3782	2	3
3783	2	-2
3784	2	-3
3785	2	-3
3786	2	2
3787	2	2
3788	2	2
3789	2	-2
3790	2	1
3791	2	-3
3792	2	-3
3793	2	-1
3795	2	-3
3796	2	1
3799	2	3
3800	2	-3
3801	2	1
3802	2	2
3803	2	-1
3804	2	-3
3805	2	-3
3806	2	-3
3807	2	-1
3808	2	-2
3809	2	-1
3810	2	1
3812	2	-2
3813	2	-1
3814	2	-1
3815	2	2
3816	2	-1
3817	2	-1
3818	2	1
3819	2	1
3820	2	-3
3821	2	-3
3823	2	3
3824	2	-2
3825	2	1
3826	2	-3
3827	2	-3
3829	2	1
3830	2	-1
3831	2	-1
3832	2	-1
3833	2	2
3834	2	1
3835	2	-2
3836	2	3
3837	2	-1
3838	2	-1
3839	2	-1
3840	2	3
3843	2	2
3844	2	-3
